# nyrs 
 35 

# nages 
 11 

# ntallas 
 43 

# Ind 
1985 1897 0 0 0.5 0.1 0.15 0.3 0.05 50 50 25 25
1986 1752 0 0 0.5 0.1 0.15 0.3 0.05 50 50 25 25
1987 1114 0.323 0 0.5 0.1 0.15 0.3 0.05 50 50 25 25
1988 3025 0.392 0 0.5 0.1 0.15 0.3 0.05 50 50 25 25
1989 1436 0.398 0 0.5 0.1 0.15 0.3 0.05 50 50 25 25
1990 1126 0.292 0 0.5 0.1 0.15 0.3 0.05 50 50 25 25
1991 2230 1.003 0 0.5 0.1 0.15 0.3 0.05 50 50 25 25
1992 779 0 0 0.5 0.1 0.15 0.3 0.05 50 50 25 25
1993 877 1.064 0 0.511 0.1 0.15 0.3 0.05 50 50 25 25
1994 889 1.319 0 0.521 0.1 0.15 0.3 0.05 50 50 25 25
1995 1853 1.31 0 0.537 0.1 0.15 0.3 0.05 50 50 25 25
1996 2688 1.67 0 0.46 0.1 0.15 0.3 0.05 50 50 25 25
1997 1753 1.296 9171 0.28 0.1 0.15 0.3 0.05 50 50 25 25
1998 2198 1.028 0 0.37 0.1 0.15 0.3 0.05 50 50 25 25
1999 3997 0.605 4270 0.45 0.1 0.15 0.3 0.05 50 50 25 25
2000 3832 0.648 7296 0.3 0.1 0.15 0.3 0.05 50 50 25 25
2001 1898 0.717 4557 0.46 0.1 0.15 0.3 0.05 50 50 25 25
2002 602 0.555 9071 0.43 0.1 0.15 0.3 0.05 50 50 25 25
2003 1775 0.624 5294 0.48 0.1 0.15 0.3 0.05 50 50 25 25
2004 1000 0.786 12662 0.42 0.1 0.15 0.3 0.05 50 50 25 25
2005 1792 1.179 17019 0.45 0.1 0.15 0.3 0.05 50 50 25 25
2006 1357 1.151 6987 0.38 0.1 0.15 0.3 0.05 50 50 25 25
2007 891 1.547 15686 0.46 0.1 0.15 0.3 0.05 50 50 25 25
2008 1130 1.552 13144 0.38 0.1 0.15 0.3 0.05 50 50 25 25
2009 1102 2.192 22645 0.4 0.1 0.15 0.3 0.05 50 50 25 25
2010 906 0 0 0.44 0.1 0.15 0.3 0.05 50 50 25 25
2011 1051 0 14235 0.58 0.1 0.15 0.3 0.05 50 50 25 25
2012 1176 1.426 9767 0.23 0.1 0.15 0.3 0.05 50 50 25 25
2013 608 0 9242 0.5 0.1 0.15 0.3 0.05 50 50 25 25
2014 908 0 8067 0.39 0.1 0.15 0.3 0.05 50 50 25 25
2015 1321 1.086 4554 0.44 0.1 0.15 0.3 0.05 50 50 25 25
2016 1711 0.866 9495 0.39 0.1 0.15 0.3 0.05 50 50 25 25
2017 885 0.978 5683 0.41 0.1 0.15 0.3 0.05 50 50 25 25
2018 896 1.02 4462 0.31 0.1 0.15 0.3 0.05 50 50 25 25
2019 896 0.971 0 0.27 0.1 0.15 0.3 0.05 50 50 25 25

# edades 
 1 2 3 4 5 6 7 8 9 10 11 

# tallas 
 10 11 12 13 14 15 16 17 18 19 20 21 22 23 24 25 26 27 28 29 30 31 32 33 34 35 36 37 38 39 40 41 42 43 44 45 46 47 48 49 50 51 52 

# ETflom 
0 0 0 0 0.01 0 0.01 0.03 0.01 0.01 0.03 0.02 0.01 0.01 0.03 0.04 0.02 0.05 0.08 0.07 0.09 0.06 0.07 0.07 0.05 0.02 0.03 0.03 0.02 0.06 0.02 0.01 0.01 0 0.03 0 0 0 0 0 0 0 0
0 0 0 0 0 0 0 0 0.01 0.01 0.01 0.01 0.01 0.01 0.01 0.01 0.01 0.01 0.01 0.02 0.03 0.04 0.04 0.05 0.06 0.07 0.07 0.08 0.08 0.07 0.07 0.07 0.06 0.05 0.03 0.02 0.01 0 0 0 0 0 0
0 0 0 0 0 0 0 0 0 0 0 0 0 0 0 0 0 0 0 0 0 0 0 0 0 0 0 0 0 0 0 0 0 0 0 0 0 0 0 0 0 0 0
0 0 0 0 0 0 0 0 0 0 0 0 0 0 0 0 0 0 0 0 0 0 0 0 0 0 0 0 0 0 0 0 0 0 0 0 0 0 0 0 0 0 0
0 0 0 0 0 0 0 0 0 0 0 0 0 0 0 0 0 0 0 0 0 0 0 0 0 0 0 0 0 0 0 0 0 0 0 0 0 0 0 0 0 0 0
0 0 0 0 0 0 0 0 0 0 0 0 0 0 0 0 0 0 0 0 0 0 0 0 0 0 0 0 0 0 0 0 0 0 0 0 0 0 0 0 0 0 0
0 0 0 0 0 0 0 0 0 0 0 0 0 0 0 0 0 0 0 0 0 0 0 0 0 0 0 0 0 0 0 0 0 0 0 0 0 0 0 0 0 0 0
0 0 0 0 0 0 0 0 0 0 0 0 0 0 0 0 0 0 0 0 0 0 0 0 0 0 0 0 0 0 0 0 0 0 0 0 0 0 0 0 0 0 0
0 0 0 0 0 0 0 0 0 0 0.01 0.01 0.01 0.03 0.03 0.04 0.06 0.08 0.09 0.08 0.07 0.07 0.06 0.04 0.05 0.05 0.06 0.05 0.03 0.03 0.02 0.01 0.01 0 0 0 0 0 0 0 0 0 0
0 0 0 0 0 0 0 0 0 0 0 0.01 0.01 0.01 0.02 0.02 0.02 0.02 0.03 0.04 0.04 0.05 0.06 0.07 0.07 0.09 0.1 0.08 0.06 0.05 0.04 0.04 0.03 0.02 0.01 0.01 0 0 0 0 0 0 0
0 0 0 0 0 0 0 0 0 0 0.01 0.02 0.02 0.03 0.03 0.04 0.04 0.05 0.05 0.06 0.06 0.06 0.06 0.06 0.07 0.07 0.06 0.05 0.04 0.03 0.02 0.02 0.01 0.01 0.01 0.01 0 0 0 0 0 0 0
0 0 0 0 0 0 0 0 0 0 0 0 0.01 0.01 0.01 0.02 0.02 0.02 0.03 0.04 0.04 0.04 0.05 0.05 0.06 0.07 0.08 0.08 0.07 0.06 0.05 0.05 0.04 0.03 0.02 0.01 0.01 0 0 0 0 0 0
0 0 0 0 0 0 0 0 0 0 0 0 0 0 0 0 0 0.01 0.01 0.03 0.04 0.06 0.08 0.08 0.08 0.08 0.1 0.08 0.07 0.07 0.05 0.04 0.03 0.02 0.02 0.02 0.01 0.01 0 0 0 0 0
0 0 0 0 0 0 0 0 0 0 0 0 0 0 0 0 0.01 0 0.01 0.04 0.03 0.06 0.07 0.09 0.08 0.09 0.12 0.08 0.11 0.09 0.05 0.03 0.04 0.01 0.01 0 0 0 0 0 0 0 0
0 0 0 0 0 0 0 0 0 0 0 0.01 0 0.01 0.01 0.01 0.02 0.03 0.02 0.03 0.04 0.05 0.06 0.07 0.07 0.08 0.09 0.09 0.08 0.07 0.05 0.04 0.03 0.02 0 0 0 0 0 0 0 0 0
0 0 0 0 0 0 0 0 0 0 0 0.01 0.01 0.02 0.02 0.03 0.04 0.05 0.06 0.07 0.07 0.08 0.07 0.07 0.06 0.06 0.06 0.05 0.04 0.03 0.03 0.02 0.01 0.01 0.01 0.01 0 0 0 0 0 0 0
0 0 0 0 0 0 0 0 0 0 0 0 0 0.01 0.02 0.03 0.05 0.07 0.07 0.08 0.09 0.08 0.08 0.08 0.07 0.06 0.05 0.05 0.04 0.03 0.02 0.01 0 0 0 0 0 0 0 0 0 0 0
0 0 0 0 0 0 0 0 0 0.01 0.01 0.02 0.03 0.03 0.06 0.07 0.08 0.08 0.08 0.09 0.08 0.08 0.06 0.05 0.04 0.03 0.03 0.02 0.01 0.01 0 0 0 0 0 0 0 0 0 0 0 0 0
0 0 0 0 0 0 0 0 0 0 0 0.01 0.01 0.02 0.02 0.03 0.04 0.05 0.06 0.06 0.06 0.06 0.06 0.06 0.07 0.07 0.08 0.07 0.06 0.04 0.02 0.01 0.01 0.01 0 0 0 0 0 0 0 0 0
0 0 0 0 0 0 0 0 0 0 0.01 0.01 0.02 0.04 0.03 0.03 0.06 0.06 0.08 0.06 0.09 0.1 0.08 0.06 0.05 0.04 0.04 0.05 0.03 0.04 0.02 0 0 0 0 0 0 0 0 0 0 0 0
0 0 0 0 0 0 0 0 0 0 0 0 0 0.01 0.01 0.02 0.03 0.03 0.05 0.06 0.07 0.07 0.08 0.07 0.08 0.08 0.08 0.08 0.06 0.04 0.03 0.02 0.01 0 0 0 0 0 0 0 0 0 0
0 0 0 0 0 0 0 0 0 0 0 0 0 0.01 0.01 0.02 0.02 0.02 0.04 0.05 0.07 0.09 0.1 0.11 0.11 0.09 0.07 0.07 0.06 0.04 0.01 0.01 0 0 0 0 0 0 0 0 0 0 0
0 0 0 0 0 0 0 0 0 0 0 0 0 0 0 0.01 0.01 0.02 0.05 0.04 0.03 0.05 0.09 0.1 0.13 0.11 0.08 0.08 0.06 0.04 0.03 0.02 0.02 0.01 0 0 0 0 0 0 0 0 0
0 0 0 0 0 0 0 0 0 0 0 0 0 0.01 0 0.02 0.02 0.03 0.04 0.04 0.06 0.06 0.04 0.04 0.06 0.05 0.07 0.06 0.07 0.07 0.06 0.05 0.05 0.05 0.03 0.01 0.01 0 0 0 0 0 0
0 0 0 0 0 0 0 0 0 0 0 0 0 0 0 0 0 0 0.01 0.02 0.03 0.05 0.06 0.09 0.08 0.09 0.09 0.1 0.1 0.09 0.09 0.05 0.03 0.01 0.01 0 0 0 0 0 0 0 0
0 0 0 0 0 0 0 0 0 0 0 0 0 0 0 0 0.01 0.03 0.04 0.04 0.04 0.07 0.06 0.05 0.06 0.08 0.09 0.11 0.1 0.09 0.04 0.03 0.03 0.01 0 0 0 0 0 0 0 0 0
0 0 0 0 0 0 0 0 0 0 0 0 0 0 0 0 0 0 0.02 0.04 0.06 0.08 0.08 0.06 0.07 0.06 0.06 0.04 0.05 0.09 0.08 0.06 0.05 0.05 0.03 0.02 0.01 0 0 0 0 0 0
0 0 0 0 0 0 0 0 0 0 0 0 0 0 0 0 0 0 0 0.01 0.02 0.03 0.04 0.06 0.07 0.1 0.1 0.12 0.13 0.13 0.08 0.05 0.03 0.01 0.01 0 0 0 0 0 0 0 0
0 0 0 0 0 0 0 0 0 0 0 0 0 0 0 0 0 0 0 0 0 0 0 0 0 0 0 0 0 0 0 0 0 0 0 0 0 0 0 0 0 0 0
0 0 0 0 0 0 0 0 0 0 0 0 0 0 0 0.01 0.02 0.02 0.08 0.04 0.06 0.05 0.06 0.07 0.08 0.03 0.02 0.03 0.05 0.06 0.06 0.06 0.06 0.04 0.03 0.02 0.01 0 0.01 0 0 0 0
0 0 0 0 0 0 0 0 0 0 0 0 0 0 0.001 0.001 0.005 0.004 0.008 0.009 0.019 0.028 0.026 0.035 0.044 0.055 0.069 0.098 0.112 0.11 0.101 0.1 0.066 0.053 0.029 0.015 0.008 0.003 0 0.001 0 0 0
0 0 0 0 0 0 0.003 0.004 0.004 0.001 0.003 0.002 0.004 0.006 0.005 0.001 0.001 0.001 0.001 0.004 0.004 0.008 0.012 0.019 0.026 0.036 0.061 0.066 0.105 0.158 0.153 0.123 0.089 0.062 0.022 0.014 0.002 0.001 0 0 0 0 0
0 0 0 0 0 0 0 0 0 0 0 0.001 0 0.001 0.002 0.005 0.006 0.004 0.008 0.014 0.016 0.019 0.022 0.022 0.024 0.027 0.039 0.05 0.089 0.119 0.129 0.126 0.104 0.088 0.044 0.018 0.011 0.006 0.002 0.001 0 0 0
0 0 0 0 0 0 0 1e-04 6e-04 1e-04 8e-04 6e-04 1e-04 0.001 0.0023 0.0043 0.0048 0.011 0.0186 0.0241 0.0258 0.0335 0.0407 0.0402 0.0431 0.0456 0.0456 0.0587 0.0649 0.0784 0.0799 0.1065 0.0899 0.0715 0.0535 0.0227 0.0143 0.0072 0.0059 0.0031 2e-04 0 0
0 0 0 0 0 0 0 0 0 2e-04 3e-04 4e-04 1e-04 0.001 0.0016 0.002 0.004 0.0086 0.0128 0.0233 0.0302 0.0407 0.0554 0.0575 0.0579 0.0676 0.0734 0.0746 0.0691 0.0714 0.0676 0.0777 0.0692 0.0541 0.0352 0.0201 0.0144 0.0062 0.0023 0.0011 0 2e-04 1e-04

# ETfloh 
0 0 0 0 0 0 0.01 0.02 0 0.06 0.02 0.04 0.01 0.09 0.07 0.07 0.12 0.11 0.1 0.06 0.04 0.06 0.01 0.04 0 0.01 0 0.02 0.02 0 0 0 0 0 0 0 0 0 0 0 0 0 0
0 0 0 0 0.01 0 0 0.02 0.07 0.05 0.06 0.08 0.05 0.13 0.1 0.11 0.06 0.07 0.04 0.03 0.03 0.02 0.02 0.01 0.02 0.02 0 0.01 0 0 0 0 0 0 0 0 0 0 0 0 0 0 0
0 0 0 0 0 0 0 0 0 0 0 0 0 0 0 0 0 0 0 0 0 0 0 0 0 0 0 0 0 0 0 0 0 0 0 0 0 0 0 0 0 0 0
0 0 0 0 0 0 0 0 0 0 0 0 0 0 0 0 0 0 0 0 0 0 0 0 0 0 0 0 0 0 0 0 0 0 0 0 0 0 0 0 0 0 0
0 0 0 0 0 0 0 0 0 0 0 0 0 0 0 0 0 0 0 0 0 0 0 0 0 0 0 0 0 0 0 0 0 0 0 0 0 0 0 0 0 0 0
0 0 0 0 0 0 0 0 0 0 0 0 0 0 0 0 0 0 0 0 0 0 0 0 0 0 0 0 0 0 0 0 0 0 0 0 0 0 0 0 0 0 0
0 0 0 0 0 0 0 0 0 0 0 0 0 0 0 0 0 0 0 0 0 0 0 0 0 0 0 0 0 0 0 0 0 0 0 0 0 0 0 0 0 0 0
0 0 0 0 0 0 0 0 0 0 0 0 0 0 0 0 0 0 0 0 0 0 0 0 0 0 0 0 0 0 0 0 0 0 0 0 0 0 0 0 0 0 0
0 0 0 0 0 0 0 0 0 0 0 0.01 0.01 0.03 0.05 0.07 0.09 0.11 0.11 0.1 0.09 0.07 0.07 0.04 0.04 0.03 0.02 0.02 0.01 0.01 0.01 0 0 0 0 0 0 0 0 0 0 0 0
0 0 0 0 0 0 0 0 0 0 0 0.01 0.01 0.01 0.02 0.04 0.06 0.07 0.08 0.09 0.1 0.11 0.09 0.08 0.06 0.05 0.04 0.03 0.01 0.01 0.01 0 0 0 0 0 0 0 0 0 0 0 0
0 0 0 0 0 0 0 0 0 0.01 0.01 0.02 0.03 0.04 0.06 0.08 0.1 0.11 0.11 0.1 0.08 0.07 0.05 0.04 0.03 0.02 0.01 0.01 0.01 0 0 0 0 0 0 0 0 0 0 0 0 0 0
0 0 0 0 0 0 0 0 0 0 0 0 0.01 0.01 0.02 0.03 0.04 0.05 0.07 0.1 0.09 0.09 0.06 0.06 0.05 0.05 0.05 0.06 0.05 0.05 0.03 0.02 0.01 0 0 0 0 0 0 0 0 0 0
0 0 0 0 0 0 0 0 0 0 0 0 0 0 0.01 0.01 0.04 0.07 0.1 0.15 0.18 0.15 0.11 0.08 0.03 0.03 0.02 0.01 0.01 0.01 0 0 0 0 0 0 0 0 0 0 0 0 0
0 0 0 0 0 0 0 0 0 0 0 0 0 0 0 0.01 0.02 0.05 0.08 0.13 0.16 0.17 0.15 0.1 0.07 0.04 0.02 0 0 0 0 0 0 0 0 0 0 0 0 0 0 0 0
0 0 0 0 0 0 0 0.01 0.01 0.01 0.01 0.02 0.03 0.04 0.05 0.05 0.07 0.1 0.11 0.11 0.1 0.09 0.06 0.05 0.04 0.02 0.02 0.01 0 0 0 0 0 0 0 0 0 0 0 0 0 0 0
0 0 0 0 0 0 0 0 0 0 0.01 0.02 0.03 0.04 0.06 0.07 0.08 0.08 0.09 0.07 0.08 0.06 0.05 0.05 0.04 0.04 0.04 0.02 0.02 0.01 0.01 0.01 0.01 0.01 0 0 0 0 0 0 0 0 0
0 0 0 0 0 0 0 0 0 0 0 0.01 0.02 0.04 0.07 0.1 0.12 0.13 0.11 0.1 0.08 0.07 0.05 0.03 0.02 0.01 0 0 0 0 0 0 0 0 0 0 0 0 0 0 0 0 0
0 0 0 0 0 0 0 0 0 0.01 0.01 0.02 0.04 0.06 0.09 0.11 0.13 0.14 0.12 0.11 0.06 0.04 0.02 0.01 0.01 0 0 0 0 0 0 0 0 0 0 0 0 0 0 0 0 0 0
0 0 0 0 0 0 0 0 0 0 0 0.01 0.02 0.04 0.07 0.1 0.12 0.13 0.13 0.11 0.09 0.07 0.05 0.02 0.01 0.01 0 0 0 0 0 0 0 0 0 0 0 0 0 0 0 0 0
0 0 0 0 0 0 0 0 0 0 0 0.01 0.01 0.03 0.03 0.05 0.07 0.1 0.06 0.07 0.07 0.07 0.04 0.07 0.03 0.03 0.06 0.06 0.02 0.03 0.01 0.02 0.01 0.01 0 0.01 0 0 0 0 0 0 0
0 0 0 0 0 0 0 0 0 0.01 0.01 0.02 0.02 0.03 0.03 0.05 0.08 0.12 0.12 0.11 0.09 0.07 0.06 0.05 0.05 0.03 0.03 0.01 0.01 0.01 0 0 0 0 0 0 0 0 0 0 0 0 0
0 0 0 0 0 0 0 0 0 0 0.01 0.02 0.03 0.05 0.07 0.06 0.07 0.08 0.11 0.1 0.11 0.09 0.06 0.06 0.04 0.02 0.01 0 0 0 0 0 0 0 0 0 0 0 0 0 0 0 0
0 0 0 0 0 0 0 0 0 0 0 0.01 0.01 0.01 0.04 0.06 0.1 0.2 0.16 0.15 0.1 0.07 0.04 0.02 0.01 0 0 0 0 0 0 0 0 0 0 0 0 0 0 0 0 0 0
0 0 0 0 0 0 0 0 0 0 0 0 0.01 0.02 0.02 0.03 0.05 0.08 0.14 0.11 0.1 0.1 0.06 0.04 0.04 0.08 0.05 0.02 0.04 0.01 0.02 0 0 0 0 0 0 0 0 0 0 0 0
0 0 0 0 0 0 0 0 0 0 0 0 0 0 0.01 0.02 0.06 0.12 0.18 0.16 0.15 0.12 0.09 0.05 0.02 0.01 0.01 0 0 0 0 0 0 0 0 0 0 0 0 0 0 0 0
0 0 0 0 0 0 0 0 0 0 0 0 0 0.02 0.03 0.01 0.04 0.13 0.18 0.11 0.13 0.12 0.07 0.08 0.04 0.01 0.01 0 0.01 0 0 0 0 0 0 0 0 0 0 0 0 0 0
0 0 0 0 0 0 0 0 0 0 0 0 0 0 0 0 0 0.04 0.08 0.12 0.11 0.13 0.09 0.11 0.07 0.09 0.07 0.04 0.02 0.01 0 0.01 0 0.01 0 0 0 0 0 0 0 0 0
0 0 0 0 0 0 0 0 0 0 0 0 0 0 0 0 0.01 0.02 0.07 0.12 0.16 0.19 0.14 0.12 0.06 0.05 0.02 0.01 0.01 0 0 0 0 0 0 0 0 0 0 0 0 0 0
0 0 0 0 0 0 0 0 0 0 0 0 0 0 0 0 0 0 0 0 0 0 0 0 0 0 0 0 0 0 0 0 0 0 0 0 0 0 0 0 0 0 0
0 0 0 0 0 0 0 0 0 0 0 0 0 0 0 0.01 0 0.13 0.19 0.17 0.1 0.07 0.09 0.08 0.09 0.06 0 0 0.01 0 0 0 0 0 0 0 0 0 0 0 0 0 0
0 0 0 0 0 0 0 0 0 0 0 0 0 0.005 0.008 0.015 0.019 0.059 0.114 0.106 0.125 0.159 0.124 0.096 0.065 0.039 0.027 0.014 0.013 0.004 0.004 0.002 0.001 0 0 0 0 0 0 0 0 0 0
0 0 0 0 0 0 0 0 0 0 0 0 0.001 0.001 0.001 0.002 0.006 0.011 0.026 0.053 0.092 0.135 0.177 0.176 0.152 0.102 0.04 0.015 0.006 0.003 0 0 0 0 0 0 0 0 0 0 0 0 0
0 0 0 0 0 0 0 0 0 0.001 0.001 0.001 0.001 0.005 0.006 0.005 0.026 0.024 0.039 0.05 0.073 0.111 0.13 0.15 0.14 0.132 0.065 0.026 0.008 0.003 0.001 0 0 0 0 0 0 0 0 0 0 0 0
0 0 0 0 0 0 0 0 0 4e-04 5e-04 4e-04 0.0012 0.0033 0.0073 0.0219 0.0391 0.0777 0.1089 0.1243 0.1377 0.1233 0.1083 0.0746 0.0517 0.0442 0.0349 0.023 0.0104 0.0032 0.0015 0.0016 3e-04 0 0 0 0 0 1e-04 0 0 0 0
0 0 0 0 0 0 0 0 0 0 0 0 3e-04 0.0025 0.0048 0.0133 0.0257 0.0564 0.0865 0.129 0.144 0.1281 0.1229 0.0889 0.0731 0.0466 0.0428 0.0188 0.0137 0.0014 0.0013 0 0 0 0 0 0 0 0 0 0 0 0

# ETcrum 
0 0 0 0 0 0 0 0 0 0 0 0 0 0 0 0 0 0 0 0 0 0 0 0 0 0 0 0 0 0 0 0 0 0 0 0 0 0 0 0 0 0 0
0 0 0 0 0 0 0 0 0 0 0 0 0 0 0 0 0 0 0 0 0 0 0 0 0 0 0 0 0 0 0 0 0 0 0 0 0 0 0 0 0 0 0
0 0 0 0 0 0 0 0 0 0 0 0 0 0 0 0 0 0 0 0 0 0 0 0 0 0 0 0 0 0 0 0 0 0 0 0 0 0 0 0 0 0 0
0 0 0 0 0 0 0 0 0 0 0 0 0 0 0 0 0 0 0 0 0 0 0 0 0 0 0 0 0 0 0 0 0 0 0 0 0 0 0 0 0 0 0
0 0 0 0 0 0 0 0 0 0 0 0 0 0 0 0 0 0 0 0 0 0 0 0 0 0 0 0 0 0 0 0 0 0 0 0 0 0 0 0 0 0 0
0 0 0 0 0 0 0 0 0 0 0 0 0 0 0 0 0 0 0 0 0 0 0 0 0 0 0 0 0 0 0 0 0 0 0 0 0 0 0 0 0 0 0
0 0 0 0 0 0 0 0 0 0 0 0 0 0 0 0 0 0 0 0 0 0 0 0 0 0 0 0 0 0 0 0 0 0 0 0 0 0 0 0 0 0 0
0 0 0 0 0 0 0 0 0 0 0 0 0 0 0 0 0 0 0 0 0 0 0 0 0 0 0 0 0 0 0 0 0 0 0 0 0 0 0 0 0 0 0
0 0 0 0 0 0 0 0 0 0 0 0 0 0 0 0 0 0 0 0 0 0 0 0 0 0 0 0 0 0 0 0 0 0 0 0 0 0 0 0 0 0 0
0 0 0 0 0 0 0 0 0 0 0 0 0 0 0 0 0 0 0 0 0 0 0 0 0 0 0 0 0 0 0 0 0 0 0 0 0 0 0 0 0 0 0
0 0 0 0 0 0 0 0 0 0 0 0 0 0 0 0 0 0 0 0 0 0 0 0 0 0 0 0 0 0 0 0 0 0 0 0 0 0 0 0 0 0 0
0 0 0 0 0 0 0 0 0 0 0 0 0 0 0 0 0 0 0 0 0 0 0 0 0 0 0 0 0 0 0 0 0 0 0 0 0 0 0 0 0 0 0
0 0 0 0 0 0 0 0 0 0 0 0 0 0 0 0 0 0 0 0 0 0 0 0 0 0 0 0 0 0 0 0 0 0 0 0 0 0 0 0 0 0 0
0 0 0 0 0 0 0 0 0 0 0 0 0 0 0 0 0 0 0 0 0 0 0 0 0 0 0 0 0 0 0 0 0 0 0 0 0 0 0 0 0 0 0
0 0 0 0 0 0 0 0 0 0 0.01 0.01 0.01 0.01 0.02 0.02 0.03 0.03 0.04 0.04 0.06 0.05 0.06 0.05 0.06 0.07 0.07 0.07 0.08 0.06 0.06 0.04 0.03 0.02 0.01 0.01 0 0 0 0 0 0 0
0 0 0 0 0 0 0 0 0 0 0 0 0 0 0 0 0 0 0 0 0 0 0 0 0 0 0 0 0 0 0 0 0 0 0 0 0 0 0 0 0 0 0
0 0 0 0 0 0 0 0 0 0 0 0.01 0.01 0.01 0.02 0.02 0.03 0.03 0.05 0.05 0.07 0.06 0.06 0.07 0.05 0.06 0.05 0.06 0.06 0.05 0.05 0.05 0.04 0.03 0.01 0.01 0.01 0 0 0 0 0 0
0 0 0 0 0 0 0 0.01 0.01 0.01 0.02 0.02 0.02 0.02 0.02 0.02 0.03 0.03 0.03 0.04 0.04 0.04 0.04 0.04 0.05 0.07 0.04 0.06 0.06 0.06 0.05 0.04 0.04 0.02 0.02 0.01 0.01 0 0.01 0 0 0 0
0 0 0 0 0 0 0 0 0.01 0.01 0.01 0.02 0.03 0.04 0.06 0.06 0.05 0.05 0.05 0.04 0.05 0.05 0.05 0.05 0.05 0.05 0.04 0.06 0.04 0.03 0.03 0.02 0.01 0.01 0 0 0 0 0 0 0 0 0
0 0 0 0 0 0 0.01 0.01 0.01 0.02 0.02 0.03 0.04 0.05 0.06 0.07 0.06 0.08 0.06 0.06 0.05 0.05 0.05 0.05 0.05 0.04 0.04 0.03 0.02 0.01 0.01 0 0 0 0 0 0 0 0 0 0 0 0
0 0 0 0 0 0 0 0 0 0.01 0.01 0.01 0.02 0.02 0.03 0.03 0.04 0.05 0.06 0.05 0.06 0.09 0.1 0.07 0.07 0.06 0.05 0.04 0.03 0.02 0.02 0.02 0.02 0.01 0 0 0 0 0 0 0 0 0
0 0 0 0 0 0 0 0.01 0.01 0.02 0.02 0.02 0.03 0.03 0.04 0.04 0.05 0.05 0.05 0.05 0.06 0.08 0.08 0.05 0.06 0.06 0.05 0.04 0.03 0.03 0.02 0.01 0.01 0 0 0 0 0 0 0 0 0 0
0 0 0 0 0 0 0 0 0 0 0.01 0.02 0.02 0.03 0.04 0.05 0.05 0.06 0.05 0.06 0.06 0.07 0.08 0.07 0.06 0.06 0.05 0.06 0.03 0.02 0.02 0.01 0.01 0 0 0 0 0 0 0 0 0 0
0 0 0 0 0 0 0 0 0 0.01 0.01 0.01 0.02 0.02 0.03 0.03 0.04 0.04 0.05 0.05 0.07 0.07 0.1 0.1 0.09 0.07 0.05 0.04 0.03 0.03 0.02 0.01 0.01 0 0 0 0 0 0 0 0 0 0
0 0 0 0 0 0 0 0 0 0 0 0.01 0.01 0.01 0.02 0.02 0.03 0.04 0.05 0.06 0.07 0.06 0.07 0.06 0.07 0.08 0.08 0.08 0.06 0.04 0.04 0.02 0.01 0.01 0 0 0 0 0 0 0 0 0
0 0 0 0 0 0 0 0 0 0 0 0 0 0 0 0 0 0 0 0 0 0 0 0 0 0 0 0 0 0 0 0 0 0 0 0 0 0 0 0 0 0 0
0 0 0 0 0 0 0 0 0 0 0 0 0.01 0.01 0.01 0.01 0.02 0.03 0.03 0.04 0.04 0.05 0.05 0.07 0.08 0.09 0.09 0.09 0.08 0.06 0.05 0.04 0.02 0.01 0 0 0 0 0 0 0 0 0
0 0 0 0 0 0 0 0 0 0 0 0.01 0.01 0.01 0.01 0.02 0.02 0.02 0.03 0.03 0.04 0.04 0.05 0.06 0.06 0.07 0.08 0.1 0.09 0.09 0.07 0.04 0.03 0.02 0.01 0 0 0 0 0 0 0 0
0 0 0 0 0 0 0 0 0 0 0 0 0 0.01 0.01 0.01 0.01 0.01 0.02 0.03 0.03 0.04 0.06 0.08 0.09 0.08 0.08 0.08 0.07 0.08 0.07 0.05 0.03 0.02 0.01 0.01 0 0 0.01 0 0 0 0
0 0 0 0 0 0 0 0 0 0 0 0 0 0 0 0.01 0.01 0.01 0.02 0.02 0.02 0.03 0.04 0.06 0.07 0.08 0.08 0.09 0.09 0.09 0.08 0.07 0.05 0.04 0.03 0.01 0.01 0 0 0 0 0 0
0 0 0 0 0 0 0 0 0 0 0 0 0 0 0 0 0 0 0.01 0.01 0.02 0.03 0.04 0.06 0.08 0.08 0.09 0.11 0.1 0.09 0.09 0.06 0.05 0.03 0.03 0.01 0 0 0 0 0 0 0
0 0 0 0 0 0 0 0 0 0 0 0 0 0 0.001 0.005 0.005 0.008 0.009 0.013 0.014 0.016 0.035 0.041 0.052 0.07 0.071 0.083 0.076 0.088 0.089 0.082 0.076 0.06 0.04 0.029 0.016 0.008 0.008 0.002 0 0.001 0
0 0 0 0 0 0 0 0 0 0 0.001 0.001 0.001 0.002 0.003 0.003 0.005 0.006 0.007 0.012 0.014 0.025 0.039 0.048 0.049 0.071 0.08 0.086 0.077 0.085 0.083 0.068 0.065 0.052 0.043 0.033 0.019 0.013 0.005 0.002 0.001 0.001 0
0 0 0 0 0 0.000486573 0.003047678 0.004219862 0.009453689 0.011706647 0.010134677 0.013780633 0.012577357 0.013094612 0.016754833 0.016391856 0.014683021 0.017749543 0.024593794 0.029802298 0.03077757 0.035522561 0.040927023 0.045903731 0.047598117 0.059831365 0.054177919 0.068650768 0.060542828 0.064271753 0.071322965 0.057044211 0.043287881 0.04104997 0.031760341 0.014393875 0.009491941 0.005342071 0.002720967 0.001444774 0.000271896 0.001189671 0.013998725
0 0 0 0 0 0 0 0 0 0 0 0 0 0 0 0 0 0 0 0 0 0 0 0 0 0 0 0 0 0 0 0 0 0 0 0 0 0 0 0 0 0 0

# ETcruh 
0 0 0 0 0 0 0 0 0 0 0 0 0 0 0 0 0 0 0 0 0 0 0 0 0 0 0 0 0 0 0 0 0 0 0 0 0 0 0 0 0 0 0
0 0 0 0 0 0 0 0 0 0 0 0 0 0 0 0 0 0 0 0 0 0 0 0 0 0 0 0 0 0 0 0 0 0 0 0 0 0 0 0 0 0 0
0 0 0 0 0 0 0 0 0 0 0 0 0 0 0 0 0 0 0 0 0 0 0 0 0 0 0 0 0 0 0 0 0 0 0 0 0 0 0 0 0 0 0
0 0 0 0 0 0 0 0 0 0 0 0 0 0 0 0 0 0 0 0 0 0 0 0 0 0 0 0 0 0 0 0 0 0 0 0 0 0 0 0 0 0 0
0 0 0 0 0 0 0 0 0 0 0 0 0 0 0 0 0 0 0 0 0 0 0 0 0 0 0 0 0 0 0 0 0 0 0 0 0 0 0 0 0 0 0
0 0 0 0 0 0 0 0 0 0 0 0 0 0 0 0 0 0 0 0 0 0 0 0 0 0 0 0 0 0 0 0 0 0 0 0 0 0 0 0 0 0 0
0 0 0 0 0 0 0 0 0 0 0 0 0 0 0 0 0 0 0 0 0 0 0 0 0 0 0 0 0 0 0 0 0 0 0 0 0 0 0 0 0 0 0
0 0 0 0 0 0 0 0 0 0 0 0 0 0 0 0 0 0 0 0 0 0 0 0 0 0 0 0 0 0 0 0 0 0 0 0 0 0 0 0 0 0 0
0 0 0 0 0 0 0 0 0 0 0 0 0 0 0 0 0 0 0 0 0 0 0 0 0 0 0 0 0 0 0 0 0 0 0 0 0 0 0 0 0 0 0
0 0 0 0 0 0 0 0 0 0 0 0 0 0 0 0 0 0 0 0 0 0 0 0 0 0 0 0 0 0 0 0 0 0 0 0 0 0 0 0 0 0 0
0 0 0 0 0 0 0 0 0 0 0 0 0 0 0 0 0 0 0 0 0 0 0 0 0 0 0 0 0 0 0 0 0 0 0 0 0 0 0 0 0 0 0
0 0 0 0 0 0 0 0 0 0 0 0 0 0 0 0 0 0 0 0 0 0 0 0 0 0 0 0 0 0 0 0 0 0 0 0 0 0 0 0 0 0 0
0 0 0 0 0 0 0 0 0 0 0 0 0 0 0 0 0 0 0 0 0 0 0 0 0 0 0 0 0 0 0 0 0 0 0 0 0 0 0 0 0 0 0
0 0 0 0 0 0 0 0 0 0 0 0 0 0 0 0 0 0 0 0 0 0 0 0 0 0 0 0 0 0 0 0 0 0 0 0 0 0 0 0 0 0 0
0 0 0 0 0 0 0 0 0.01 0.01 0.02 0.02 0.04 0.07 0.1 0.14 0.17 0.14 0.1 0.05 0.03 0.01 0.01 0.01 0.01 0.01 0 0 0 0 0 0 0 0 0 0 0 0 0 0 0 0 0
0 0 0 0 0 0 0 0 0 0 0 0 0 0 0 0 0 0 0 0 0 0 0 0 0 0 0 0 0 0 0 0 0 0 0 0 0 0 0 0 0 0 0
0 0 0 0 0 0 0.01 0.02 0.02 0.04 0.06 0.08 0.09 0.08 0.08 0.06 0.05 0.04 0.06 0.06 0.06 0.05 0.04 0.03 0.03 0.02 0 0 0 0 0 0 0 0 0 0 0 0 0 0 0 0 0
0 0 0 0 0 0 0 0 0.01 0.04 0.04 0.06 0.04 0.05 0.06 0.05 0.06 0.07 0.07 0.07 0.07 0.08 0.07 0.05 0.04 0.02 0.02 0.02 0.01 0.01 0 0 0 0 0 0 0 0 0 0 0 0 0
0 0 0 0 0 0 0 0 0.01 0.01 0.02 0.04 0.09 0.12 0.14 0.12 0.07 0.06 0.07 0.06 0.05 0.04 0.04 0.03 0.01 0.01 0.01 0 0 0 0 0 0 0 0 0 0 0 0 0 0 0 0
0 0 0 0 0 0 0 0 0.01 0.01 0.03 0.04 0.06 0.08 0.11 0.12 0.12 0.11 0.08 0.06 0.05 0.03 0.02 0.01 0.01 0.01 0 0 0 0 0 0 0 0 0 0 0 0 0 0 0 0 0
0 0 0 0 0 0 0 0 0 0 0.01 0.02 0.03 0.05 0.06 0.09 0.11 0.11 0.09 0.06 0.07 0.06 0.07 0.04 0.04 0.03 0.02 0.01 0.01 0 0 0 0 0 0 0 0 0 0 0 0 0 0
0 0 0 0 0 0 0 0 0 0.01 0.02 0.03 0.04 0.04 0.06 0.09 0.11 0.1 0.1 0.09 0.08 0.08 0.06 0.02 0.02 0.02 0.01 0.01 0 0 0 0 0 0 0 0 0 0 0 0 0 0 0
0 0 0 0 0 0 0 0 0 0.01 0.02 0.02 0.05 0.05 0.08 0.08 0.09 0.12 0.09 0.1 0.08 0.06 0.05 0.02 0.02 0.01 0.01 0.01 0 0 0 0 0 0 0 0 0 0 0 0 0 0 0
0 0 0 0 0 0 0 0 0 0.01 0.02 0.02 0.03 0.05 0.06 0.08 0.11 0.15 0.14 0.11 0.07 0.04 0.04 0.02 0.01 0.01 0.01 0.01 0 0 0 0 0 0 0 0 0 0 0 0 0 0 0
0 0 0 0 0 0 0 0 0 0 0 0 0.01 0.02 0.04 0.08 0.12 0.14 0.15 0.13 0.12 0.08 0.05 0.03 0.02 0.01 0.01 0.01 0 0 0 0 0 0 0 0 0 0 0 0 0 0 0
0 0 0 0 0 0 0 0 0 0 0 0 0 0 0 0 0 0 0 0 0 0 0 0 0 0 0 0 0 0 0 0 0 0 0 0 0 0 0 0 0 0 0
0 0 0 0 0 0 0 0 0 0 0 0.01 0.02 0.02 0.03 0.05 0.12 0.15 0.17 0.14 0.12 0.07 0.04 0.02 0.02 0 0 0 0 0 0 0 0 0 0 0 0 0 0 0 0 0 0
0 0 0 0 0 0 0 0 0 0 0 0 0.01 0.02 0.02 0.02 0.04 0.07 0.13 0.16 0.2 0.15 0.08 0.05 0.02 0.01 0.01 0 0 0 0 0 0 0 0 0 0 0 0 0 0 0 0
0 0 0 0 0 0 0 0 0 0 0 0.01 0 0.02 0.01 0.03 0.05 0.07 0.11 0.1 0.15 0.14 0.12 0.05 0.03 0.02 0.01 0.02 0.02 0.01 0.01 0.01 0.01 0.01 0 0 0 0 0 0 0 0 0
0 0 0 0 0 0 0 0 0 0 0 0 0 0 0.01 0.01 0.02 0.04 0.06 0.1 0.16 0.17 0.15 0.1 0.07 0.04 0.02 0.01 0.01 0.01 0.01 0 0 0 0 0 0 0 0 0 0 0 0
0 0 0 0 0 0 0 0 0 0 0 0 0 0 0 0 0.01 0.05 0.07 0.12 0.13 0.16 0.16 0.12 0.07 0.06 0.02 0.01 0 0.01 0 0 0 0 0 0 0 0 0 0 0 0 0
0 0 0 0 0 0 0 0 0 0 0 0.001 0.001 0.002 0.003 0.014 0.014 0.022 0.037 0.053 0.098 0.11 0.147 0.123 0.123 0.084 0.045 0.036 0.033 0.026 0.015 0.006 0.003 0.002 0 0 0.001 0 0 0 0 0 0
0 0 0 0 0 0 0 0 0.001 0 0 0.001 0.001 0.002 0.003 0.008 0.015 0.018 0.024 0.032 0.054 0.056 0.082 0.096 0.119 0.104 0.104 0.067 0.078 0.048 0.045 0.025 0.011 0.006 0.001 0.001 0 0 0 0 0 0 0
0 0 0 0 0 0 0.002714511 0.002035884 0.004253119 0.00569106 0.014100061 0.029419179 0.031909051 0.049701619 0.053369523 0.08421695 0.087455192 0.087442392 0.096673611 0.12181732 0.093341387 0.076045478 0.060942824 0.035632583 0.021188429 0.015999455 0.00791162 0.004738541 0.00297914 0.002440514 0.000993978 0 0.000726919 0.000200746 0.000602237 0.000468406 7e-05 7e-05 0.00013383 0.00013383 0 0 0.004586781
0 0 0 0 0 0 0 0 0 0 0 0 0 0 0 0 0 0 0 0 0 0 0 0 0 0 0 0 0 0 0 0 0 0 0 0 0 0 0 0 0 0 0

# Msex 
 0.033 0.04 0.049 0.061 0.074 0.091 0.11 0.133 0.16 0.192 0.228 0.268 0.313 0.361 0.412 0.466 0.52 0.574 0.626 0.675 0.721 0.762 0.799 0.832 0.86 0.884 0.905 0.922 0.936 0.948 0.958 0.966 0.972 0.977 0.982 0.985 0.988 0.99 0.992 0.994 0.995 1 1 

# Wt_m 
 0.8746 1.1545 1.4877 1.8785 2.3312 2.8503 3.44 4.1046 4.8484 5.6757 6.5906 7.5974 8.7003 9.9034 11.2109 12.627 14.1557 15.8012 17.5675 19.4588 21.4791 23.6324 25.923 28.3546 30.9315 33.6576 36.5368 39.5733 42.771 46.1339 49.6658 53.3709 57.253 61.3161 65.5641 70.001 74.6306 79.4569 84.4838 89.7151 95.1548 100.8068 106.6749 

# Wt_h 
 0.8788 1.142 1.4506 1.8076 2.216 2.6788 3.1988 3.7788 4.4218 5.1303 5.9071 6.755 7.6765 8.6742 9.7508 10.9087 12.1506 13.4788 14.896 16.4045 18.0067 19.7052 21.5022 23.4002 25.4015 27.5084 29.7233 32.0484 34.4861 37.0386 39.7081 42.497 45.4074 48.4416 51.6017 54.8899 58.3085 61.8595 65.5452 69.3676 73.3289 77.4312 81.6767 

# cv_Rt_No_Rm 
 0.6 0.6 0.2 

# dt_des_cpue_cru 
 0.67 0.5 0.5 

# Param 
52.8 0.151 19 0.1 0.3
45.6 0.174 19 0.1 0.3

0.1 0.1 0.1 0.1 0.1

# h 
 1 

# q_crucv 
 1 1000.05 

#Selectividades iniciales
# A50m 
 5 2 
# A50h 
 5 2 
# Acruh 
 5 2 
# Acrum 
 5 2 

# nbloq_flo 
 1 1985 

# nbloq_cru 
 2 1985 2004 

# nbloq_qcpue 
 1 1985 

# nbloq_qcru 
 2 1985 2004 

# Fasq_flocru 
 3 5 

# FasS_flocru 
 6 6 

# Fas_par 
 4 5 -4 

# Fas_F 
 3 

# dev_R 
 2 

# dev_No 
 2 

# Fas_pRm 
 -6 

# Fas_Fpbr 
 6 

# npbr 
 4 

# Tasa_bdpr 
 0.3 0.4 0.45 0.49 

# yr_proy 
 20 

# pry_nR 
 1 

# opt_sim 
 1 

