# Number of parameters = 151 Objective function value = 10933.5512651380  Maximum gradient component = 7.22234778034749e-05
# log_A50flom:
 1.30853501596080
# log_sdA50flom:
 0.567144464944543
# log_A50floh:
 1.50912402351402
# log_sdA50floh:
 0.0949521283493257
# log_A50cruh:
 1.17315044137648 1.41197974356219
# log_sdA50cruh:
 -0.481324933380856 -0.0949217431407729
# log_A50crum:
 1.62511090028217 1.27008189356385
# log_sdA50crum:
 1.05256342165821 0.842289777798318
# log_Ro:
4.96467427032
# log_propmR:
-0.693140000000
# log_dev_Ro:
 -0.320866118042 0.167150507138 0.495628925317 0.223681676373 0.0227403566478 0.436754629467 0.463173932116 0.527806933717 0.0178361012155 0.130821032646 -0.00558627380475 0.168707913789 0.0571279392173 0.0722415621748 0.0143647280188 0.255111675194 0.311546772580 0.596718449872 0.295826841592 0.504344076744 0.231223477521 0.282416559182 0.121524510964 -0.273320959314 0.617482417392 0.0660800460733 -0.606745530354 -0.905606710900 -0.390387879226 -0.750570439405 -1.02117528869 -0.987450190384 -0.553928572983 -0.264620294822 -5.28070314339e-05
# log_dev_Nom:
 0.312054029266 -0.796657772490 -0.549703799514 -0.241098760460 -0.287165793275 0.322634899469 0.514338654040 0.200820338411 0.0556230780726 0.00579330859860 0.000178471132381
# log_dev_Noh:
 -0.282135590742 0.712212574897 0.569156997125 -0.321484165388 -0.0539901657251 -0.303581510273 -0.0654848066677 0.115898935100 0.0711705951091 0.0183026329991 0.00126941983995
# log_Fm:
 -0.726620334588 -0.427609091099 -0.775272178015 -0.200000001686 -0.665929766004 -1.21785422187 -0.778905576544 -1.90366983297 -2.01329147280 -2.19810686454 -1.61236051126 -1.10582315410 -1.25480777165 -0.972931507435 -0.347977163198 -0.200000001184 -0.297363947453 -1.62790342257 -0.763596771940 -1.45648578142 -1.03045334383 -1.35719158842 -2.03515830826 -1.82635773487 -1.92648335981 -2.21552010352 -2.28607180714 -1.77051759784 -2.76853044851 -2.23691067132 -1.82076223793 -1.32825366356 -1.81533112812 -1.55166703673 -1.31063042960
# log_Fh:
 -0.200000002687 -0.200000004228 -0.942365060385 -0.200000140973 -0.409935093354 -0.646102169719 -0.200000018021 -1.41902836495 -1.49862603469 -1.57406928749 -0.897950412887 -0.704330603292 -1.83900559450 -1.21406709306 -0.200000003765 -0.681213271258 -0.200000045341 -1.62446888713 -0.413934564680 -1.24496145106 -0.601796160974 -1.29552962210 -1.77559947797 -1.94845533858 -2.04318377478 -2.18723841504 -1.62067836369 -2.67771399694 -2.43477408633 -2.49574819444 -1.95215015807 -1.67754876762 -2.07411809339 -2.32187020481 -2.34596207686
# log_qflo:
 -8.62352733314
# log_qcru:
 0.570330350562 0.300051321803
# log_Lom:
2.99027839081
# log_cv_edadm:
-2.67489342810
# log_Loh:
2.29177364774
# log_cv_edadh:
-2.71996982268
# log_Mh:
-1.20397280433
# log_Mm:
-1.20397280433
# log_Fref:
 -0.608086220630 -1.06318001037 -1.26849501523 -1.42823987087
