# Number of parameters = 145 Objective function value = 10157.5354888028  Maximum gradient component = 5.57581603785912e-05
# log_A50flom:
 1.27062121636106
# log_sdA50flom:
 0.526389724362338
# log_A50floh:
 1.49954483425356
# log_sdA50floh:
 0.106056792335460
# log_A50cruh:
 1.17267106246424 1.40485397118994
# log_sdA50cruh:
 -0.467038496132325 -0.118854734160126
# log_A50crum:
 1.60514617486586 1.18720222989220
# log_sdA50crum:
 1.02763923648018 0.732050708042326
# log_Ro:
4.89335756876
# log_propmR:
-0.693140000000
# log_dev_Ro:
 -0.281051326984 0.158474223259 0.619757723897 0.280865512244 0.0667612700612 0.461291171754 0.498764532593 0.569106198662 0.0491880186633 0.145019599065 0.0374499095855 0.201522837650 0.123956467011 0.109092032020 0.0678525633026 0.296615487802 0.367719418427 0.657659687253 0.374946262452 0.568136550355 0.300614992249 0.345141993582 0.201247320368 -0.219452421558 0.682157046789 0.0461841995971 -0.822222682588 -1.50925255782 -1.64612153103 -1.35301792337 -0.893575199480 -0.516473331559 0.0116419557421
# log_dev_Nom:
 0.290456475391 -0.844557855066 -0.527929410511 -0.194595021516 -0.218199842203 0.402530700690 0.523467083988 0.199126752637 0.0547855704928 0.00482370772907 -0.000425649392998
# log_dev_Noh:
 -0.308340261841 0.774898940337 0.538643529773 -0.301342350927 -0.0181439605782 -0.235718010584 -0.0111379950312 0.148339056884 0.0830905026985 0.0224348677685 0.00197715716088
# log_Fm:
 -0.787944994451 -0.471758313486 -0.816236811831 -0.200000002097 -0.719926823295 -1.29647113508 -0.858867705104 -1.99243164381 -2.10499277920 -2.29161378643 -1.70742802269 -1.17712307008 -1.27112408473 -1.00796620254 -0.400445045879 -0.200000001299 -0.378182567861 -1.69788702158 -0.861775497238 -1.54224378158 -1.14067336576 -1.44717836402 -2.14267501423 -1.90897452673 -2.00933248728 -2.30921363748 -2.42467655669 -1.79712891533 -2.87046898265 -2.26881449476 -1.82116126057 -1.23574397594 -1.60429998570
# log_Fh:
 -0.200000002850 -0.200000004308 -0.941657694309 -0.200000018573 -0.410423220079 -0.648079907337 -0.200000039164 -1.47774071771 -1.56354000091 -1.64408939694 -0.969421694553 -0.759511815850 -1.83603844284 -1.22532367618 -0.200000004582 -0.626554193609 -0.243108106872 -1.65968944337 -0.484017262117 -1.30140530455 -0.693184956395 -1.36316997262 -1.85850448276 -2.00869668873 -2.10448133579 -2.26249509252 -1.77493483292 -2.69304507330 -2.54893104580 -2.56499992223 -2.04488798749 -1.75555606275 -2.06520441377
# log_qflo:
 -8.67902364262
# log_qcru:
 0.489411338873 0.269192120656
# log_Lom:
2.98937611100
# log_cv_edadm:
-2.65966644877
# log_Loh:
2.29595855805
# log_cv_edadh:
-2.73005851080
# log_Mh:
-1.20397280433
# log_Mm:
-1.20397280433
# log_Fref:
 -0.670418479589 -1.11339560225 -1.31467379288 -1.47174871357
