# Number of parameters = 145 Objective function value = 10157.5354888030  Maximum gradient component = 8.37888675794786e-05
# log_A50flom:
 1.27062119071368
# log_sdA50flom:
 0.526389745518676
# log_A50floh:
 1.49954485377684
# log_sdA50floh:
 0.106056807818528
# log_A50cruh:
 1.17267107728720 1.40485399795362
# log_sdA50cruh:
 -0.467038456619996 -0.118854695980549
# log_A50crum:
 1.60514618197096 1.18720220536554
# log_sdA50crum:
 1.02763932591490 0.732050728396034
# log_Ro:
4.89335757604
# log_propmR:
-0.693140000000
# log_dev_Ro:
 -0.281051608217 0.158474889205 0.619757187001 0.280865853760 0.0667612153111 0.461291151109 0.498764545538 0.569106197305 0.0491879847594 0.145019674696 0.0374497999597 0.201522769627 0.123956523367 0.109092000989 0.0678525606648 0.296615452136 0.367719393246 0.657659603515 0.374946351647 0.568136426807 0.300614992530 0.345142055685 0.201247178716 -0.219451978908 0.682156912520 0.0461843252092 -0.822222691451 -1.50925252796 -1.64612158569 -1.35301796692 -0.893575276332 -0.516473351477 0.0116419416596
# log_dev_Nom:
 0.290456496787 -0.844557917547 -0.527929462268 -0.194595116214 -0.218199946945 0.402530838320 0.523467065378 0.199126644679 0.0547855702243 0.00482371895447 -0.000425649618938
# log_dev_Noh:
 -0.308340128975 0.774898922120 0.538643633339 -0.301342291061 -0.0181439308432 -0.235717999035 -0.0111379961194 0.148339044823 0.0830904990728 0.0224348564773 0.00197711832257
# log_Fm:
 -0.787944959871 -0.471758273481 -0.816236817116 -0.200000002092 -0.719926861479 -1.29647122317 -0.858867706643 -1.99243167280 -2.10499279889 -2.29161382582 -1.70742805121 -1.17712310284 -1.27112410673 -1.00796622071 -0.400445083560 -0.200000001299 -0.378182690206 -1.69788708120 -0.861775554672 -1.54224383668 -1.14067341347 -1.44717840375 -2.14267505317 -1.90897455863 -2.00933251662 -2.30921367129 -2.42467658887 -1.79712894388 -2.87046902190 -2.26881451971 -1.82116129167 -1.23574400398 -1.60430001268
# log_Fh:
 -0.200000002857 -0.200000004306 -0.941657687168 -0.200000018587 -0.410423176901 -0.648079929209 -0.200000039224 -1.47774054772 -1.56353991115 -1.64408932155 -0.969421619933 -0.759511769053 -1.83603837701 -1.22532362251 -0.200000004589 -0.626554066354 -0.243108161298 -1.65968939592 -0.484017189749 -1.30140522750 -0.693184891921 -1.36316985829 -1.85850439820 -2.00869662487 -2.10448126241 -2.26249504216 -1.77493478176 -2.69304500358 -2.54893102020 -2.56499988278 -2.04488797785 -1.75555605462 -2.06520440527
# log_qflo:
 -8.67902365047
# log_qcru:
 0.489411368378 0.269192124886
# log_Lom:
2.98937613045
# log_cv_edadm:
-2.65966645976
# log_Loh:
2.29595852648
# log_cv_edadh:
-2.73005852257
# log_Mh:
-1.20397280433
# log_Mm:
-1.20397280433
# log_Fref:
 -0.670418465336 -1.11339559800 -1.31467376891 -1.63364108617
