Debug
-999
Rec_male
1985 178.364 45.6733 107.749 295.259
1986 100.718 40.4474 46.4773 218.258
1987 156.311 63.9676 71.1543 343.381
1988 247.926 76.3277 135.814 452.585
1989 176.662 51.3716 99.9248 312.329
1990 142.613 39.189 83.1394 244.63
1991 211.593 43.2355 141.199 317.081
1992 219.672 44.1183 147.588 326.963
1993 235.681 43.4393 163.518 339.689
1994 140.129 35.8885 84.6438 231.984
1995 154.222 33.5998 100.253 237.243
1996 138.493 27.2497 93.788 204.508
1997 163.187 27.309 117.039 227.53
1998 151.007 23.557 110.742 205.913
1999 148.779 21.6966 111.312 198.858
2000 142.769 21.9102 105.222 193.712
2001 179.466 27.3475 132.551 242.986
2002 192.692 29.2266 142.517 260.53
2003 257.503 34.8798 196.636 337.211
2004 194.089 33.4462 137.853 273.267
2005 235.452 37.99 170.866 324.451
2006 180.186 35.3791 122.119 265.862
2007 188.39 37.7601 126.67 280.183
2008 163.142 35.2859 106.375 250.201
2009 107.117 35.8759 55.8012 205.623
2010 263.889 42.7763 191.221 364.173
2011 139.708 31.5908 89.384 218.365
2012 58.6243 17.1851 33.0133 104.104
2013 29.492 9.06488 16.1708 53.7871
2014 25.7195 8.42488 13.5819 48.7042
2015 34.4791 12.5998 16.9839 69.9963
2016 54.5871 22.809 24.4711 121.766
2017 79.5908 40.0124 30.8003 205.67
Rec_male_proj
 79.5908 79.5908 79.5908 79.5908
 133.403 133.403 133.403 133.403
 133.403 133.403 133.403 133.403
 133.403 133.403 133.403 133.403
 133.403 133.403 133.403 133.403
 133.403 133.403 133.403 133.403
 133.403 133.403 133.403 133.403
Rec_female
1985 98.0049 43.9534 41.63 230.722
1986 100.716 40.4469 46.4767 218.255
1987 156.309 63.9666 71.1532 343.377
1988 247.922 76.3266 135.812 452.578
1989 176.659 51.3709 99.9234 312.325
1990 142.611 39.1884 83.1382 244.627
1991 211.59 43.2349 141.197 317.077
1992 219.669 44.1176 147.586 326.958
1993 235.677 43.4386 163.516 339.685
1994 140.127 35.888 84.6425 231.981
1995 154.22 33.5994 100.252 237.239
1996 138.491 27.2493 93.7866 204.505
1997 163.184 27.3086 117.037 227.527
1998 151.005 23.5567 110.74 205.91
1999 148.777 21.6963 111.31 198.855
2000 142.766 21.9099 105.221 193.709
2001 179.464 27.3471 132.549 242.983
2002 192.689 29.2261 142.515 260.526
2003 257.499 34.8793 196.633 337.206
2004 194.086 33.4457 137.851 273.263
2005 235.449 37.9894 170.864 324.447
2006 180.183 35.3786 122.118 265.858
2007 188.387 37.7595 126.668 280.179
2008 163.139 35.2854 106.374 250.197
2009 107.115 35.8754 55.8004 205.62
2010 263.885 42.7757 191.218 364.167
2011 139.706 31.5904 89.3828 218.362
2012 58.6235 17.1849 33.0128 104.102
2013 29.4916 9.06475 16.1705 53.7863
2014 25.7192 8.42476 13.5817 48.7035
2015 34.4786 12.5997 16.9837 69.9953
2016 54.5863 22.8086 24.4707 121.764
2017 79.5897 40.0118 30.7998 205.667
Rec_female_proj
 79.5897 79.5897 79.5897 79.5897
 133.401 133.401 133.401 133.401
 133.401 133.401 133.401 133.401
 133.401 133.401 133.401 133.401
 133.401 133.401 133.401 133.401
 133.401 133.401 133.401 133.401
 133.401 133.401 133.401 133.401
Reclutas
1985 276.369 66.0095 172.545 442.667
1986 201.434 80.8943 92.954 436.512
1987 312.619 127.934 142.308 686.758
1988 495.848 152.654 271.626 905.163
1989 353.321 102.742 199.848 624.654
1990 285.224 78.3774 166.278 489.257
1991 423.182 86.4703 282.395 634.158
1992 439.341 88.2359 295.175 653.921
1993 471.358 86.8779 327.034 679.374
1994 280.255 71.7764 169.286 463.965
1995 308.441 67.1992 200.505 474.482
1996 276.985 54.4989 187.575 409.013
1997 326.371 54.6175 234.076 455.057
1998 302.012 47.1137 221.482 411.823
1999 297.556 43.3928 222.622 397.714
2000 285.535 43.8201 210.443 387.422
2001 358.93 54.6946 265.101 485.969
2002 385.381 58.4527 285.033 521.057
2003 515.002 69.759 393.269 674.417
2004 388.176 66.892 275.704 546.529
2005 470.901 75.9794 341.73 648.898
2006 360.368 70.7577 244.237 531.719
2007 376.777 75.5196 253.338 560.363
2008 326.281 70.5713 212.749 500.398
2009 214.232 71.7514 111.602 411.243
2010 527.774 85.552 382.439 728.34
2011 279.414 63.1812 178.767 436.728
2012 117.248 34.3699 66.0261 208.206
2013 58.9836 18.1296 32.3413 107.573
2014 51.4387 16.8496 27.1636 97.4076
2015 68.9578 25.1995 33.9676 139.992
2016 109.173 45.6176 48.9418 243.53
2017 159.18 80.0243 61.6001 411.338
Rec_tot_proj
 159.18 159.18 159.18 159.18
 266.803 266.803 266.803 266.803
 266.803 266.803 266.803 266.803
 266.803 266.803 266.803 266.803
 266.803 266.803 266.803 266.803
 266.803 266.803 266.803 266.803
 266.803 266.803 266.803 266.803
BT
1985 8671.31 477.744 7767.23 9680.62
1986 8767.66 475.877 7866.37 9772.21
1987 8931.02 505.534 7975.81 10000.6
1988 10325.3 514.057 9347.28 11405.6
1989 10119.7 486.822 9191.97 11141.1
1990 10816.1 571.699 9731.83 12021.3
1991 12240 654.829 10998.8 13621.2
1992 12681.8 666.84 11416.7 14087.1
1993 14746.5 717.592 13379.7 16252.9
1994 16034 750.235 14602.3 17606
1995 16958.2 763.294 15499 18554.7
1996 16381.2 748.774 14950.8 17948.5
1997 14871.1 698.311 13538.7 16334.5
1998 14414.7 679.942 13117.7 15840
1999 13430 649.605 12192.4 14793.3
2000 11014.5 511.675 10037.8 12086.3
2001 10162.2 454.145 9293.74 11111.8
2002 10065.8 519.934 9078.49 11160.5
2003 12368.9 629.281 11173 13692.8
2004 13077.6 710.878 11731.4 14578.4
2005 14986.2 831.502 13413.3 16743.5
2006 15469.2 921.652 13732.9 17425
2007 16318.6 1023.67 14396.3 18497.6
2008 17306.3 1097.05 15247.5 19643.1
2009 17291.4 1142.24 15153.6 19730.9
2010 17961.1 1203.06 15711.5 20532.7
2011 18245.3 1222.5 15959.4 20858.5
2012 17535.9 1215.06 15269.1 20139.1
2013 16029.3 1167.76 13858.6 18539.9
2014 14651.7 1093.57 12622.6 17007
2015 12693.4 1005.83 10835.7 14869.5
2016 10432.2 932.816 8726.99 12470.6
2017 8298.71 928.717 6639.09 10373.2
BT_proj
 8298.71 8298.71 8298.71 8298.71
 7819.63 7819.63 7819.63 7819.63
 8357.31 8357.31 8357.31 8357.31
 9553.41 8677.04 8590.71 8506.39
 10829.6 9290.27 9153.54 9022.5
 12099.5 9938.28 9761 9593.33
 13293.5 10473.2 10255.8 10052
SSB
1985 801.636 63.2049 684.856 938.328
1986 986.812 77.0336 844.369 1153.28
1987 1273.88 105.845 1079.15 1503.75
1988 1149.46 97.6463 970.156 1361.91
1989 1006.31 115.87 799.924 1265.95
1990 1093.3 113.562 888.715 1344.99
1991 1141.64 82.3757 988.406 1318.62
1992 1397.02 105.628 1201.22 1624.73
1993 1718.46 132.606 1473.04 2004.78
1994 2034.97 153.482 1750.41 2365.79
1995 2133.26 164.903 1828.11 2489.36
1996 2008.19 165.637 1703.28 2367.7
1997 2107.13 167.045 1798.63 2468.55
1998 2100.08 161.575 1800.98 2448.87
1999 1535.2 98.6357 1350.25 1745.47
2000 1292.83 87.9564 1128.54 1481.04
2001 1106.64 93.0649 935.603 1308.96
2002 1254.55 103.245 1064.46 1478.6
2003 1269.04 113.373 1061.77 1516.77
2004 1442.46 132.06 1201.57 1731.65
2005 1576.77 154.242 1297.19 1916.6
2006 1842.84 177.661 1520.35 2233.73
2007 2230.99 201.697 1862.64 2672.17
2008 2602.05 224.488 2190.37 3091.09
2009 2889.89 244.208 2441.26 3420.98
2010 3092.75 259.137 2616.34 3655.91
2011 3083.91 269.652 2589.99 3672.02
2012 3164.23 274.366 2661.31 3762.19
2013 3278.19 275.08 2772.53 3876.06
2014 3276.88 270.547 2778.88 3864.13
2015 3005.22 257.159 2533.3 3565.06
2016 2500.6 236.131 2071.12 3019.13
2017 2045.67 215.117 1658.63 2523.04
SSB_proj
 2045.67 2045.67 2045.67 2045.67
 1760.04 1760.04 1760.04 1760.04
 1654.9 1435.39 1413.09 1391.18
 1681.8 1243.26 1204.12 1166.61
 1808.03 1224.25 1177.73 1134.03
 2022.66 1304.89 1252.14 1203.22
 2286.9 1412.92 1352.07 1296.03
F_female
1985 0.818731 1.03947e-05 0.81871 0.818752
1986 0.818731 1.57005e-05 0.818699 0.818762
1987 0.389981 0.0608972 0.285907 0.531938
1988 0.818731 6.76513e-05 0.818595 0.818866
1989 0.663369 0.13264 0.446458 0.985667
1990 0.523049 0.105914 0.350286 0.781019
1991 0.818731 0.000142708 0.818445 0.819016
1992 0.228153 0.0378591 0.164086 0.317234
1993 0.209394 0.0318305 0.154768 0.2833
1994 0.193188 0.0291683 0.143079 0.260847
1995 0.379302 0.0558859 0.282941 0.508482
1996 0.467895 0.069421 0.348319 0.62852
1997 0.159448 0.0231594 0.119431 0.212873
1998 0.293663 0.0423099 0.220469 0.391156
1999 0.818731 1.66949e-05 0.818697 0.818764
2000 0.53443 0.0713166 0.409726 0.697089
2001 0.784187 0.119783 0.578773 1.0625
2002 0.190198 0.0292104 0.140148 0.258123
2003 0.616303 0.0928726 0.456707 0.831669
2004 0.272149 0.0437305 0.197754 0.374531
2005 0.499981 0.0855115 0.356015 0.702164
2006 0.255848 0.0438415 0.182062 0.359539
2007 0.155906 0.0254224 0.11276 0.21556
2008 0.134163 0.0208879 0.0984493 0.182833
2009 0.121909 0.0189044 0.0895659 0.165931
2010 0.10409 0.0159554 0.0767436 0.141182
2011 0.169494 0.0271941 0.12322 0.233147
2012 0.0676746 0.0101867 0.0501664 0.0912932
2013 0.0781652 0.0117287 0.0579971 0.105347
2014 0.0769192 0.0112168 0.057549 0.102809
2015 0.129395 0.0184193 0.0974748 0.171767
2016 0.172811 0.0247684 0.129931 0.229843
2017 0.126792 0.0200353 0.0926163 0.17358
F_female_proj
 0.126792 0.126792 0.126792 0.126792
 0.0633962 0.0633962 0.0633962 0.0633962
 2.71454e-09 0.244309 0.271454 0.298599
 2.71454e-09 0.244309 0.271454 0.298599
 2.71454e-09 0.244309 0.271454 0.298599
 2.71454e-09 0.244309 0.271454 0.298599
 2.71454e-09 0.244309 0.271454 0.298599
F_male
1985 0.454778 0.0677605 0.338137 0.611656
1986 0.623904 0.108908 0.441199 0.882269
1987 0.442092 0.0738224 0.317299 0.615967
1988 0.818731 7.65191e-06 0.818715 0.818746
1989 0.486788 0.0714103 0.363578 0.651751
1990 0.273495 0.0382906 0.206982 0.361382
1991 0.423641 0.0530827 0.330056 0.543763
1992 0.136363 0.01858 0.103967 0.178856
1993 0.121847 0.0162305 0.0934592 0.158856
1994 0.101103 0.0134707 0.0775435 0.131821
1995 0.181332 0.0233639 0.140288 0.234384
1996 0.308164 0.0367179 0.243026 0.39076
1997 0.280516 0.0333998 0.22126 0.355642
1998 0.36496 0.0439007 0.28717 0.463823
1999 0.670022 0.0695876 0.544653 0.824247
2000 0.818731 4.91925e-06 0.818721 0.818741
2001 0.685105 0.0972257 0.516543 0.908674
2002 0.18307 0.0252785 0.139074 0.240983
2003 0.422411 0.0574021 0.322286 0.553643
2004 0.213901 0.0290826 0.163176 0.280393
2005 0.319604 0.0437927 0.243304 0.419831
2006 0.235233 0.0328301 0.17818 0.310555
2007 0.117341 0.0165632 0.0886027 0.155399
2008 0.148232 0.0205361 0.112507 0.195301
2009 0.134078 0.0188387 0.101371 0.177339
2010 0.0993393 0.0140606 0.074953 0.13166
2011 0.0885067 0.0132994 0.0656427 0.119335
2012 0.165774 0.0231332 0.125572 0.218847
2013 0.0566723 0.00824456 0.0424299 0.0756956
2014 0.103435 0.0141088 0.0788377 0.135706
2015 0.161838 0.0222287 0.123122 0.212728
2016 0.290618 0.0425063 0.217247 0.38877
2017 0.20103 0.0343935 0.143129 0.282354
F_male_proj
 0.20103 0.20103 0.20103 0.20103
 0.100515 0.100515 0.100515 0.100515
 2.71454e-09 0.244309 0.271454 0.298599
 2.71454e-09 0.244309 0.271454 0.298599
 2.71454e-09 0.244309 0.271454 0.298599
 2.71454e-09 0.244309 0.271454 0.298599
 2.71454e-09 0.244309 0.271454 0.298599
F_total
1985 1.27351 0.0677605 1.14504 1.4164
1986 1.44264 0.108908 1.24073 1.67739
1987 0.832073 0.112604 0.635549 1.08937
1988 1.63746 6.80827e-05 1.63733 1.6376
1989 1.15016 0.168134 0.859913 1.53837
1990 0.796544 0.124021 0.584494 1.08552
1991 1.24237 0.053083 1.14066 1.35315
1992 0.364516 0.0497974 0.277718 0.478441
1993 0.33124 0.0427571 0.256145 0.42835
1994 0.294292 0.0376733 0.228054 0.379767
1995 0.560634 0.0694889 0.437956 0.717676
1996 0.776059 0.0931572 0.610946 0.985795
1997 0.439964 0.0514148 0.348543 0.555364
1998 0.658623 0.0768056 0.522021 0.830971
1999 1.48875 0.0695876 1.35595 1.63456
2000 1.35316 0.0713166 1.21788 1.50347
2001 1.46929 0.180282 1.15062 1.87623
2002 0.373268 0.0472314 0.290102 0.480277
2003 1.03871 0.127582 0.813222 1.32673
2004 0.48605 0.0632543 0.375074 0.62986
2005 0.819585 0.11194 0.624466 1.07567
2006 0.491082 0.0674378 0.373621 0.64547
2007 0.273246 0.0373846 0.208098 0.35879
2008 0.282396 0.037689 0.216494 0.368358
2009 0.255987 0.0345156 0.195718 0.334816
2010 0.20343 0.0274961 0.155434 0.266247
2011 0.258001 0.0361703 0.195183 0.341037
2012 0.233449 0.0315122 0.178432 0.305429
2013 0.134838 0.0181273 0.103172 0.176222
2014 0.180354 0.023569 0.139026 0.233967
2015 0.291232 0.0377667 0.224942 0.377058
2016 0.46343 0.0635406 0.352733 0.608866
2017 0.327823 0.0516752 0.239641 0.448453
F_total_proy
 0.327823 0.327823 0.327823 0.327823
 0.163911 0.163911 0.163911 0.163911
 5.42908e-09 0.488617 0.542908 0.597199
 5.42908e-09 0.488617 0.542908 0.597199
 5.42908e-09 0.488617 0.542908 0.597199
 5.42908e-09 0.488617 0.542908 0.597199
 5.42908e-09 0.488617 0.542908 0.597199
Y_female
1985 559.652 56.9855 456.777 685.698
1986 608.123 51.2364 513.972 719.521
1987 467.273 57.842 365.14 597.972
1988 1178.62 105.319 986.081 1408.75
1989 712.982 82.6453 565.89 898.308
1990 507.56 58.0733 404.045 637.596
1991 866.423 85.83 711.043 1055.76
1992 322.295 37.2349 255.999 405.761
1993 382.307 44.0111 303.913 480.923
1994 405.961 46.9987 322.301 511.337
1995 870.732 100.557 691.683 1096.13
1996 1052.34 123.143 833.415 1328.78
1997 378.49 43.7007 300.676 476.443
1998 706.945 82.8072 559.746 892.854
1999 1500.11 114.576 1287.89 1747.31
2000 722.057 71.5478 592.536 879.891
2001 929.538 103.054 745.185 1159.5
2002 237.266 27.6621 188.066 299.336
2003 830.49 92.7256 664.745 1037.56
2004 380.08 44.0039 301.751 478.743
2005 789.136 93.1424 623.715 998.431
2006 466.958 55.7893 368.02 592.494
2007 370.431 44.3305 291.83 470.202
2008 381.845 45.4112 301.267 483.974
2009 398.081 47.5338 313.778 505.033
2010 365.556 43.5762 288.256 463.585
2011 603.708 73.6573 473.417 769.858
2012 238.471 27.8742 188.909 301.036
2013 279.06 32.7447 220.864 352.589
2014 295.469 34.4751 234.158 372.835
2015 479.144 55.6963 380.048 604.078
2016 532.303 60.6094 424.207 667.945
2017 306.569 35.1914 243.864 385.397
Y_female_proj
 306.569 306.569 306.569 306.569
 124.869 124.869 124.869 124.869
 4.74981e-06 383.494 421.122 457.845
 4.64999e-06 308.369 331.499 352.867
 4.96145e-06 292.636 311.228 327.908
 5.79836e-06 327.583 347.738 365.872
 6.77732e-06 368.682 390.47 410.003
Y_male
1985 965.842 86.19 808.255 1154.15
1986 1058.79 105.197 868.406 1290.91
1987 684.543 76.7714 547.385 856.069
1988 1305.25 130.913 1068.55 1594.39
1989 800.943 91.1353 638.391 1004.89
1990 602.306 69.0282 479.287 756.9
1991 1206.46 126.096 979.433 1486.1
1992 456.176 50.1542 366.371 567.992
1993 490.728 54.1336 393.834 611.46
1994 488.022 54.3352 390.868 609.324
1995 993.331 110.926 795.057 1241.05
1996 1672.9 174.271 1359.03 2059.25
1997 1366.15 135.908 1120.22 1666.08
1998 1547.95 157.261 1263.98 1895.71
1999 2204.11 206.523 1828.2 2657.3
2000 1940.3 154.77 1654.6 2275.32
2001 1319.02 140.851 1066.01 1632.07
2002 388.459 41.7054 313.588 481.206
2003 1070.26 116.406 861.578 1329.48
2004 639.384 67.3487 518.23 788.863
2005 1150.72 123.125 929.6 1424.43
2006 978.25 102.59 793.614 1205.84
2007 567.214 61.4191 457.055 703.924
2008 812.326 85.4577 658.575 1001.97
2009 779.076 82.9441 630.038 963.371
2010 599.434 64.8211 483.156 743.696
2011 545.034 66.1438 427.956 694.142
2012 1003.2 103.396 816.778 1232.18
2013 351.177 39.0296 281.377 438.293
2014 636.261 66.4555 516.607 783.63
2015 859.232 90.4697 696.478 1060.02
2016 1149.53 116.953 938.381 1408.2
2017 570.656 59.3226 463.791 702.143
Y_male_proj
 570.656 570.656 570.656 570.656
 234.847 234.847 234.847 234.847
 6.3017e-06 514.159 565.261 615.264
 7.27332e-06 507.06 548.256 587.006
 8.92032e-06 565.109 605.632 642.94
 1.08128e-05 636.943 678.41 716.004
 1.26042e-05 695.245 736.55 773.468
Y_total
1985 1525.49 121.125 1301.82 1787.59
1986 1666.91 133.412 1420.71 1955.78
1987 1151.82 116.44 941.452 1409.18
1988 2483.87 183.71 2142.77 2879.28
1989 1513.93 153.304 1237.01 1852.83
1990 1109.87 109.882 910.932 1352.25
1991 2072.88 178.438 1745.59 2461.54
1992 778.471 77.6046 638.07 949.766
1993 873.035 86.8771 715.83 1064.76
1994 893.983 89.3228 732.418 1091.19
1995 1864.06 184.298 1530.36 2270.54
1996 2725.24 268.36 2239.13 3316.88
1997 1744.64 172.005 1433.11 2123.9
1998 2254.89 223.885 1849.68 2748.88
1999 3704.22 283.479 3179.23 4315.91
2000 2662.35 207.535 2278.56 3110.79
2001 2248.56 220.52 1848.94 2734.54
2002 625.725 63.4654 511.105 766.049
2003 1900.75 187.175 1561.7 2313.41
2004 1019.46 102.053 834.91 1244.82
2005 1939.86 195.736 1586.17 2372.41
2006 1445.21 147.588 1178.85 1771.75
2007 937.645 95.8814 764.627 1149.81
2008 1194.17 122.225 973.636 1464.66
2009 1177.16 121.303 958.44 1445.79
2010 964.99 99.4115 785.74 1185.13
2011 1148.74 119.916 932.819 1414.65
2012 1241.68 127.11 1012.33 1522.98
2013 630.237 64.0999 514.504 772.003
2014 931.731 94.1488 761.631 1139.82
2015 1338.38 134.082 1095.92 1634.48
2016 1681.84 165.233 1382.46 2046.04
2017 877.224 87.2001 719.418 1069.65
Y_total_proj
 877.224 877.224 877.224 877.224
 359.716 359.716 359.716 359.716
 1.10515e-05 897.653 986.383 1073.11
 1.19233e-05 815.429 879.756 939.873
 1.38818e-05 857.744 916.859 970.848
 1.66111e-05 964.526 1026.15 1081.88
 1.93815e-05 1063.93 1127.02 1183.47
SSB_fut
1 2017 0 0 0 0
1 2018 0 0 0 0
1 2019 0 0 0 0
1 2020 0 0 0 0
1 2021 0 0 0 0
1 2022 0 0 0 0
1 2023 0 0 0 0
2 2017 2045.67 215.117 1658.63 2523.04
2 2018 1760.04 196.505 1408.79 2198.86
2 2019 1435.39 164.075 1142.9 1802.74
2 2020 1243.26 153.738 971.763 1590.6
2 2021 1224.25 154.325 952.38 1573.73
2 2022 1304.89 145.013 1045.55 1628.57
2 2023 1412.92 130.399 1175.24 1698.68
3 2017 2045.67 215.117 1658.63 2523.04
3 2018 1760.04 196.505 1408.79 2198.86
3 2019 1413.09 161.646 1124.95 1775.03
3 2020 1204.12 149.759 939.847 1542.71
3 2021 1177.73 148.948 915.442 1515.17
3 2022 1252.14 137.968 1005.16 1559.81
3 2023 1352.07 122.528 1128.36 1620.14
4 2017 2045.67 215.117 1658.63 2523.04
4 2018 1760.04 196.505 1408.79 2198.86
4 2019 1391.18 159.263 1107.31 1747.82
4 2020 1166.61 145.962 909.232 1496.86
4 2021 1134.03 143.871 880.787 1460.1
4 2022 1203.22 131.389 967.779 1495.93
4 2023 1296.03 115.316 1085.14 1547.91
