# Number of parameters = 142 Objective function value = 9720.39524154377  Maximum gradient component = 7.94326310637070e-05
# log_A50flom:
 1.25813979337652
# log_sdA50flom:
 0.502550111129522
# log_A50floh:
 1.48953953654274
# log_sdA50floh:
 0.0980455685635893
# log_A50cruh:
 1.16755042647388 1.38494122285633
# log_sdA50cruh:
 -0.452056975380543 -0.137271253942097
# log_A50crum:
 1.59927022438385 1.15145021311800
# log_sdA50crum:
 1.01700120883973 0.708840987038286
# log_Ro:
4.91647066196
# log_propmR:
-0.693140000000
# log_dev_Ro:
 -0.308482808578 0.0507006056803 0.637567907691 0.248351123010 0.0500004110854 0.414685862300 0.467901897667 0.553841281398 0.0213623947617 0.0889420630479 0.0259536795277 0.166623061879 0.106544097692 0.0797534110954 0.0430148636928 0.260645472004 0.343729453534 0.627318968392 0.347932425930 0.543741464635 0.282025601501 0.324853462349 0.200929625176 -0.303274393269 0.596714203013 -0.249825586967 -1.17884807885 -1.70152385038 -1.51991413311 -0.933626551248 -0.287649193464 1.12588156034e-05
# log_dev_Nom:
 0.276309302989 -0.895945083096 -0.562316024850 -0.218269796956 -0.212012539662 0.400001971375 0.476925151077 0.178636295497 0.0456813032628 0.00116539987359 -0.00186264876957
# log_dev_Noh:
 -0.303754890311 0.759245054450 0.471911889613 -0.329653926349 -0.0459339365324 -0.253614480618 -0.0187960372891 0.137036994096 0.0744652676005 0.0195270962954 0.00161552996817
# log_Fm:
 -0.788377570644 -0.466948128192 -0.818884867932 -0.200000002128 -0.710455093836 -1.29316810483 -0.866372541677 -1.99945861171 -2.11179920314 -2.29760301325 -1.71464814994 -1.18402319445 -1.27584653291 -1.01133080050 -0.403437440322 -0.200000001314 -0.382397777469 -1.70249491990 -0.868726911852 -1.54999299368 -1.15273449115 -1.45964653441 -2.15490136847 -1.92191565431 -2.02349844792 -2.32398191056 -2.43659350001 -1.79724423440 -2.84669269673 -2.21340859916 -1.73013497613 -1.09817053960
# log_Fh:
 -0.200000002823 -0.200000004440 -0.942749120244 -0.200000018687 -0.413049345450 -0.640828897568 -0.200000029750 -1.49492697409 -1.57650945636 -1.65767437927 -0.978510478238 -0.770347523614 -1.84875853932 -1.23416085325 -0.200000004732 -0.632139230379 -0.253914086062 -1.67275600299 -0.499494759461 -1.31898770134 -0.715041396079 -1.38840120821 -1.87806966257 -2.02661484618 -2.12224505521 -2.28181682652 -1.80495289504 -2.72180605005 -2.57254696719 -2.56394702821 -1.99123848050 -1.62253541360
# log_qflo:
 -8.68120057759
# log_qcru:
 0.489690288308 0.287617440839
# log_Lom:
2.99055700706
# log_cv_edadm:
-2.62813772129
# log_Loh:
2.31509351792
# log_cv_edadh:
-2.71457530060
# log_Mh:
-1.20397280433
# log_Mm:
-1.20397280433
# log_Fref:
 -0.677172535977 -1.11898897739 -1.31984627110 -1.47663419563
