Debug
-999
Rec_male
1985 187.809 44.242 117.994 298.933
1986 89.8226 36.4044 41.1766 195.939
1987 176.34 63.2148 87.9711 353.478
1988 224.498 71.0573 121.011 416.485
1989 166.884 48.3809 94.5513 294.552
1990 140.887 37.9924 82.9351 239.332
1991 208.219 42.5455 138.948 312.024
1992 217.513 43.5848 146.268 323.46
1993 233.354 42.8036 162.184 335.755
1994 139.51 35.5356 84.4944 230.347
1995 154.048 33.4049 100.338 236.509
1996 137.902 27.1867 93.3175 203.788
1997 163.713 26.7351 118.351 226.462
1998 144.417 22.8146 105.499 197.693
1999 147.853 21.3693 110.902 197.115
2000 140.185 21.5537 103.26 190.313
2001 178.843 26.4318 133.289 239.967
2002 188.358 28.3044 139.697 253.967
2003 249.899 33.0997 191.963 325.32
2004 183.338 31.7983 129.933 258.694
2005 226.758 35.5348 166.063 309.637
2006 168.816 33.0746 114.509 248.88
2007 178.799 35.167 121.1 263.988
2008 152.923 32.5617 100.363 233.01
2009 97.3432 32.4146 50.8911 186.196
2010 245.495 38.3832 179.911 334.987
2011 138.493 30.6654 89.4125 214.514
2012 68.9127 19.5714 39.4807 120.285
2013 50.8566 14.966 28.5778 90.5035
2014 83.5108 16.5325 56.4209 123.608
2015 69.2503 15.313 44.7345 107.202
2016 57.1743 15.397 33.6801 97.0574
2017 58.5498 19.9855 30.1419 113.732
2018 88.0931 35.1084 40.8746 189.859
2019 171.955 77.0174 73.1172 404.398
Rec_male_proj
 171.955 171.955 171.955 171.955
 88.0889 88.0889 88.0889 88.0889
 88.0889 88.0889 88.0889 88.0889
 88.0889 88.0889 88.0889 88.0889
 88.0889 88.0889 88.0889 88.0889
Rec_female
1985 94.6099 41.5721 40.8309 219.222
1986 89.8213 36.4038 41.176 195.936
1987 176.338 63.2139 87.9699 353.473
1988 224.495 71.0562 121.009 416.479
1989 166.882 48.3802 94.5499 294.548
1990 140.885 37.9919 82.9339 239.329
1991 208.216 42.5449 138.946 312.019
1992 217.509 43.5841 146.266 323.455
1993 233.35 42.8029 162.182 335.75
1994 139.508 35.5351 84.4932 230.343
1995 154.046 33.4044 100.336 236.505
1996 137.9 27.1863 93.3162 203.785
1997 163.711 26.7347 118.349 226.459
1998 144.415 22.8143 105.497 197.69
1999 147.851 21.369 110.901 197.112
2000 140.183 21.5534 103.259 190.311
2001 178.841 26.4314 133.287 239.963
2002 188.355 28.304 139.695 253.963
2003 249.895 33.0993 191.96 325.315
2004 183.336 31.7978 129.931 258.691
2005 226.755 35.5343 166.06 309.632
2006 168.814 33.0742 114.507 248.876
2007 178.796 35.1665 121.098 263.984
2008 152.921 32.5612 100.361 233.007
2009 97.3418 32.4141 50.8903 186.193
2010 245.492 38.3827 179.909 334.982
2011 138.491 30.6649 89.4112 214.51
2012 68.9117 19.5711 39.4802 120.284
2013 50.8558 14.9658 28.5774 90.5022
2014 83.5096 16.5323 56.42 123.606
2015 69.2493 15.3128 44.7338 107.2
2016 57.1735 15.3967 33.6796 97.056
2017 58.549 19.9852 30.1414 113.73
2018 88.0918 35.1079 40.874 189.856
2019 171.952 77.0163 73.1161 404.392
Rec_female_proj
 171.952 171.952 171.952 171.952
 88.0876 88.0876 88.0876 88.0876
 88.0876 88.0876 88.0876 88.0876
 88.0876 88.0876 88.0876 88.0876
 88.0876 88.0876 88.0876 88.0876
Reclutas
1985 282.419 62.699 182.128 437.938
1986 179.644 72.8082 82.3527 391.875
1987 352.678 126.429 175.941 706.951
1988 448.993 142.113 242.02 832.964
1989 333.766 96.7611 189.101 589.1
1990 281.771 75.9843 165.869 478.661
1991 416.435 85.0903 277.894 624.043
1992 435.022 87.1689 292.533 646.915
1993 466.704 85.6065 324.365 671.504
1994 279.018 71.0707 168.988 460.69
1995 308.093 66.8092 200.674 473.014
1996 275.802 54.373 186.634 407.574
1997 327.424 53.4698 236.7 452.922
1998 288.833 45.6289 210.996 395.384
1999 295.704 42.7383 221.803 394.228
2000 280.368 43.1071 206.519 380.624
2001 357.684 52.8632 266.576 479.93
2002 376.712 56.6084 279.393 507.93
2003 499.793 66.199 383.922 650.635
2004 366.674 63.5961 259.864 517.385
2005 453.512 71.0691 332.123 619.269
2006 337.63 66.1488 229.016 497.755
2007 357.595 70.3335 242.199 527.972
2008 305.844 65.1229 200.724 466.016
2009 194.685 64.8287 101.781 372.389
2010 490.987 76.7659 359.82 669.97
2011 276.983 61.3303 178.824 429.024
2012 137.824 39.1425 78.9609 240.569
2013 101.712 29.9317 57.1552 181.006
2014 167.02 33.0648 112.841 247.214
2015 138.5 30.6258 89.4683 214.402
2016 114.348 30.7937 67.3596 194.113
2017 117.099 39.9708 60.2833 227.462
2018 176.185 70.2162 81.7485 379.715
2019 343.907 154.034 146.233 808.791
Rec_tot_proj
 343.907 343.907 343.907 343.907
 176.176 176.176 176.176 176.176
 176.176 176.176 176.176 176.176
 176.176 176.176 176.176 176.176
 176.176 176.176 176.176 176.176
BT
1985 8673.66 456.979 7806.77 9636.8
1986 8696.21 463.14 7818.15 9672.89
1987 8968.55 488.892 8042.83 10000.8
1988 10221.2 490.904 9285.58 11251.1
1989 10001.4 469.004 9106.48 10984.2
1990 10584.3 539.668 9558.82 11719.8
1991 11914.2 613.881 10748.3 13206.6
1992 12316.6 624.84 11128.9 13631
1993 14340.4 672.514 13057.1 15749.7
1994 15626.4 704.051 14280.6 17099.2
1995 16568.6 719.189 15191.5 18070.5
1996 16022.7 704.899 14673.8 17495.7
1997 14552.4 651.265 13307 15914.3
1998 14095.3 638.713 12874.6 15431.7
1999 13130.8 612.496 11961.8 14414
2000 10803.1 486.587 9872.88 11820.9
2001 10141.8 437.84 9303.21 11055.9
2002 9896.59 460.691 9017.26 10861.7
2003 12116.4 562.21 11043.2 13294
2004 12703.6 634.878 11495.9 14038.1
2005 14488.8 734.845 13092.1 16034.6
2006 14825.1 803.101 13303.9 16520.3
2007 15538.9 880.343 13875.5 17401.6
2008 16403.4 931.075 14644.4 18373.7
2009 16285.1 956.391 14481.9 18312.9
2010 16791.3 980.223 14942.4 18868.9
2011 17029.2 970.045 15197 19082.4
2012 16402.7 945.708 14617.7 18405.7
2013 15193.1 898.114 13500.3 17098
2014 14451 852.515 12844.1 16259.1
2015 13168.9 802.389 11659.4 14873.9
2016 11364.8 754.836 9952.58 12977.5
2017 9337.7 722.476 8000.85 10897.9
2018 8551.9 778.502 7131.09 10255.8
2019 8581.98 1043.17 6735.88 10934.1
BT_proj
 8581.98 8581.98 8581.98 8581.98
 8695.2 8695.2 8695.2 8695.2
 8844.56 8844.56 8844.56 8844.56
 9712.9 8823.07 8734.61 8648.04
 10416.4 8699.26 8544.57 8395.93
SSB
1985 812.667 62.4491 697.051 947.459
1986 989.136 75.3897 849.474 1151.76
1987 1254.55 103.136 1064.64 1478.34
1988 1121.83 93.7765 949.389 1325.58
1989 971.854 111.412 773.307 1221.38
1990 1060.42 107.627 866.053 1298.4
1991 1108.13 79.8542 959.573 1279.68
1992 1346.18 101.077 1158.72 1563.97
1993 1651.51 125.007 1419.81 1921.03
1994 1960.56 143.736 1693.51 2269.73
1995 2059.21 153.523 1774.32 2389.83
1996 1938.58 153.115 1655.72 2269.77
1997 2044.89 154.792 1757.98 2378.63
1998 2047.04 149.926 1768.46 2369.5
1999 1512.42 93.0709 1337.43 1710.3
2000 1303.58 83.7055 1146.62 1482.02
2001 1100.79 63.7751 980.447 1235.9
2002 1237.73 72.2631 1101.43 1390.89
2003 1246.01 92.7028 1073.95 1445.62
2004 1415.85 114.524 1204.68 1664.02
2005 1539.57 135.604 1291.34 1835.51
2006 1787.89 156.905 1500.58 2130.2
2007 2151.43 177.811 1824.15 2537.41
2008 2493.35 197.014 2129.4 2919.5
2009 2750.81 212.847 2356.96 3210.46
2010 2924.21 223.854 2509.66 3407.25
2011 2880.43 230.655 2454.79 3379.87
2012 2938.18 231.399 2510.6 3438.58
2013 3037.94 227.398 2616.09 3527.8
2014 3044.21 219.024 2636.71 3514.69
2015 2809.96 204.46 2429.87 3249.51
2016 2381.97 186.032 2037.99 2784
2017 2055.74 171.799 1739.83 2429.02
2018 1840.69 161.451 1545.04 2192.91
2019 1684.17 157.82 1396.91 2030.49
SSB_proj
 1684.17 1684.17 1684.17 1684.17
 1581.07 1581.07 1581.07 1581.07
 1661.04 1461.13 1440.78 1420.78
 1855.94 1416.07 1376.42 1338.35
 2062.48 1399.17 1345.1 1294.09
F_female
1985 0.818731 9.82677e-06 0.818711 0.81875
1986 0.818731 1.40171e-05 0.818703 0.818759
1987 0.399848 0.0633123 0.291885 0.547744
1988 0.818731 4.56711e-05 0.818639 0.818822
1989 0.702383 0.144845 0.466998 1.05641
1990 0.549921 0.111621 0.367937 0.821913
1991 0.818731 8.2477e-05 0.818566 0.818896
1992 0.239081 0.038949 0.172969 0.330463
1993 0.220502 0.0329646 0.163786 0.296857
1994 0.202752 0.0301347 0.150859 0.272494
1995 0.396365 0.0573556 0.297206 0.528607
1996 0.489868 0.0712116 0.366837 0.654162
1997 0.164752 0.0233433 0.124272 0.218417
1998 0.301844 0.0427144 0.227759 0.400026
1999 0.818731 1.40808e-05 0.818703 0.818759
2000 0.502232 0.0644682 0.388924 0.648551
2001 0.81873 0.00476073 0.809263 0.828307
2002 0.196437 0.0271229 0.149231 0.258575
2003 0.635364 0.0909581 0.477867 0.844771
2004 0.280614 0.0427435 0.207283 0.379888
2005 0.517981 0.0840653 0.3752 0.715098
2006 0.267406 0.0436047 0.193403 0.369726
2007 0.163193 0.0255454 0.119552 0.222763
2008 0.141691 0.0212919 0.105087 0.191046
2009 0.129484 0.0194449 0.0960515 0.174553
2010 0.111528 0.0166142 0.0829282 0.149992
2011 0.186865 0.0294868 0.136555 0.25571
2012 0.0719944 0.0103511 0.0540822 0.0958391
2013 0.0867473 0.0126481 0.064905 0.11594
2014 0.0855896 0.0120145 0.0647275 0.113176
2015 0.148333 0.0205269 0.112618 0.195374
2016 0.201609 0.0274759 0.153702 0.264447
2017 0.137654 0.0197253 0.103504 0.183072
2018 0.113807 0.0164221 0.0854044 0.151656
2019 0.103332 0.01579 0.0762558 0.140022
F_female_proj
 0.103332 0.103332 0.103332 0.103332
 0.115215 0.115215 0.115215 0.115215
 2.71454e-09 0.244309 0.271454 0.298599
 2.71454e-09 0.244309 0.271454 0.298599
 2.71454e-09 0.244309 0.271454 0.298599
F_male
1985 0.489832 0.0726977 0.364619 0.658046
1986 0.661259 0.11537 0.467696 0.93493
1987 0.472829 0.0796126 0.338436 0.66059
1988 0.818731 6.6361e-06 0.818717 0.818744
1989 0.516002 0.0756457 0.385472 0.690733
1990 0.296145 0.041277 0.224399 0.390829
1991 0.464402 0.0578519 0.362333 0.595224
1992 0.150541 0.0205459 0.114725 0.197539
1993 0.134276 0.0178714 0.103015 0.175023
1994 0.111271 0.0148042 0.0853736 0.145023
1995 0.198413 0.025557 0.153515 0.256443
1996 0.334923 0.0399752 0.264022 0.424865
1997 0.302649 0.0360125 0.238753 0.383646
1998 0.39381 0.0471369 0.310235 0.499899
1999 0.71489 0.0731249 0.58294 0.876707
2000 0.818731 3.74573e-06 0.818723 0.818738
2001 0.778161 0.102393 0.59878 1.01128
2002 0.203078 0.0281316 0.154139 0.267556
2003 0.471916 0.0641519 0.360022 0.618586
2004 0.238574 0.0323312 0.182158 0.312462
2005 0.35928 0.0487438 0.274238 0.470693
2006 0.265266 0.0366741 0.201448 0.349301
2007 0.131943 0.0183581 0.100026 0.174044
2008 0.166431 0.022676 0.126892 0.21829
2009 0.150804 0.0207317 0.1147 0.198273
2010 0.111889 0.0154268 0.0850339 0.147225
2011 0.0999781 0.0146207 0.0747403 0.133738
2012 0.185632 0.0244997 0.142729 0.241432
2013 0.0645606 0.00896044 0.0489768 0.0851032
2014 0.114218 0.014559 0.0886057 0.147233
2015 0.172599 0.0215653 0.134566 0.221383
2016 0.291388 0.036323 0.227308 0.373533
2017 0.181035 0.0252134 0.137205 0.238865
2018 0.244277 0.0362724 0.181806 0.328213
2019 0.24177 0.0404261 0.173447 0.337006
F_male_proj
 0.24177 0.24177 0.24177 0.24177
 0.269573 0.269573 0.269573 0.269573
 2.71454e-09 0.244309 0.271454 0.298599
 2.71454e-09 0.244309 0.271454 0.298599
 2.71454e-09 0.244309 0.271454 0.298599
F_total
1985 1.30856 0.0726977 1.17105 1.46222
1986 1.47999 0.11537 1.26664 1.72928
1987 0.872677 0.118929 0.665313 1.14467
1988 1.63746 4.61507e-05 1.63737 1.63755
1989 1.21839 0.183136 0.903556 1.64291
1990 0.846065 0.131764 0.620785 1.1531
1991 1.28313 0.057852 1.17255 1.40415
1992 0.389622 0.0525802 0.297821 0.509721
1993 0.354778 0.0452639 0.275161 0.457433
1994 0.314022 0.0397018 0.244107 0.403962
1995 0.594779 0.0725485 0.466444 0.758422
1996 0.824791 0.0973783 0.651853 1.04361
1997 0.467401 0.0542129 0.37092 0.588978
1998 0.695654 0.0802734 0.552708 0.87557
1999 1.53362 0.0731249 1.3942 1.68698
2000 1.32096 0.0644682 1.19819 1.45632
2001 1.59689 0.102583 1.40454 1.81558
2002 0.399515 0.0483015 0.31398 0.508353
2003 1.10728 0.131601 0.873749 1.40323
2004 0.519188 0.0652395 0.40421 0.66687
2005 0.877261 0.114512 0.676437 1.13771
2006 0.532672 0.0706378 0.409051 0.693653
2007 0.295136 0.0390412 0.226789 0.384081
2008 0.308122 0.0400123 0.237903 0.399067
2009 0.280288 0.0367357 0.215897 0.363882
2010 0.223417 0.0292783 0.172097 0.290041
2011 0.286843 0.0390798 0.218701 0.376217
2012 0.257627 0.0329782 0.199644 0.332449
2013 0.151308 0.0194402 0.117144 0.195435
2014 0.199807 0.0244698 0.156543 0.255029
2015 0.320932 0.0383519 0.25292 0.407233
2016 0.492997 0.0585072 0.389156 0.624547
2017 0.318689 0.0414393 0.245979 0.412893
2018 0.358084 0.0498825 0.271374 0.4725
2019 0.345102 0.0535349 0.253516 0.469774
F_total_proy
 0.345102 0.345102 0.345102 0.345102
 0.384788 0.384788 0.384788 0.384788
 5.42908e-09 0.488617 0.542908 0.597199
 5.42908e-09 0.488617 0.542908 0.597199
 5.42908e-09 0.488617 0.542908 0.597199
Y_female
1985 560.913 56.9398 458.087 686.819
1986 605.117 50.906 511.561 715.783
1987 472.318 58.3497 369.263 604.134
1988 1140.57 102.289 953.634 1364.15
1989 714.524 83.0763 566.718 900.881
1990 497.619 57.1106 395.856 625.543
1991 844.252 82.7522 694.285 1026.61
1992 321.373 37.0834 255.337 404.487
1993 379.678 43.7105 301.82 477.621
1994 402.881 46.6575 319.831 507.496
1995 864.545 99.8603 686.74 1088.39
1996 1048.69 122.915 830.215 1324.67
1997 375.35 43.3294 298.195 472.468
1998 701.809 82.2745 555.571 886.54
1999 1459.72 105.788 1263 1687.08
2000 675.368 66.8078 554.407 822.722
2001 965.795 70.0819 835.486 1116.43
2002 238.101 27.5302 189.088 299.818
2003 829.183 90.6666 666.741 1031.2
2004 378.529 43.7427 300.648 476.585
2005 790.189 93.313 624.475 999.879
2006 468.823 56.1784 369.231 595.279
2007 371.609 44.6547 292.472 472.157
2008 383.684 45.8367 302.396 486.824
2009 400.648 48.1494 315.32 509.067
2010 368.61 44.2709 290.149 468.289
2011 620.476 77.2726 484.138 795.209
2012 234.565 27.3647 185.898 295.973
2013 284.088 33.6985 224.275 359.853
2014 301.315 35.4696 238.301 380.992
2015 505.238 59.9869 398.776 640.122
2016 574.632 66.723 455.902 724.283
2017 321.258 37.1002 255.199 404.418
2018 236.887 26.9923 188.751 297.3
2019 196.498 22.5786 156.271 247.079
Y_female_proj
 196.498 196.498 196.498 196.498
 199.128 199.128 199.128 199.128
 4.57788e-06 370.9 407.449 443.149
 5.16251e-06 352.202 379.889 405.745
 6.28562e-06 386.724 413.129 437.182
Y_male
1985 963.812 85.9444 806.664 1151.58
1986 1045.44 103.776 857.604 1274.41
1987 684.046 76.6985 547.014 855.404
1988 1245 123.262 1021.84 1516.89
1989 817.198 92.9783 651.357 1025.26
1990 614.182 70.1978 489.04 771.348
1991 1211.98 125.613 985.63 1490.32
1992 458.31 50.3432 368.159 570.537
1993 493.228 54.3191 395.985 614.352
1994 490.758 54.5282 393.237 612.464
1995 998.288 111.159 799.534 1246.45
1996 1677.89 174.268 1363.94 2064.12
1997 1365.76 135.524 1120.46 1664.77
1998 1543.97 156.125 1261.92 1889.06
1999 2157 198.159 1795.66 2591.07
2000 1796.19 141.158 1535.32 2101.4
2001 1378.95 131.718 1139.64 1668.51
2002 391.152 42.0908 315.608 484.779
2003 1082.91 117.663 871.954 1344.91
2004 643.026 67.726 521.191 793.34
2005 1160.79 124.074 937.943 1436.59
2006 985.193 103.348 799.199 1214.47
2007 570.762 61.8161 459.893 708.358
2008 817.142 85.9985 662.424 1008
2009 784.668 83.5976 634.466 970.428
2010 603.506 65.3014 486.375 748.846
2011 549.978 67.0892 431.301 701.309
2012 992.504 101.415 809.486 1216.9
2013 351.657 39.1137 281.712 438.968
2014 630.683 65.6401 512.453 776.191
2015 849.667 89.3822 688.854 1048.02
2016 1135.92 115.421 927.508 1391.17
2017 568.654 59.162 462.088 699.797
2018 654.966 66.1737 535.408 801.223
2019 549.98 55.8951 449.053 673.59
Y_male_proj
 549.98 549.98 549.98 549.98
 548.097 548.097 548.097 548.097
 6.13776e-06 505.467 556.269 606.088
 8.02141e-06 570.784 618.462 663.55
 9.6275e-06 600.346 641.814 679.584
Y_total
1985 1524.73 120.883 1301.48 1786.27
1986 1650.55 132.069 1406.82 1936.51
1987 1156.36 117.092 944.858 1415.21
1988 2385.57 174.629 2061.08 2761.15
1989 1531.72 155.87 1250.31 1876.47
1990 1111.8 110.249 912.235 1355.03
1991 2056.24 177.523 1730.7 2442.99
1992 779.683 77.7711 638.989 951.356
1993 872.907 86.8555 715.739 1064.59
1994 893.639 89.2552 732.191 1090.69
1995 1862.83 183.979 1529.67 2268.56
1996 2726.59 268.203 2240.71 3317.82
1997 1741.11 171.3 1430.79 2118.74
1998 2245.78 222.274 1843.35 2736.06
1999 3616.72 267.27 3120.44 4191.94
2000 2471.56 189.91 2119.97 2881.47
2001 2344.75 177.32 2016.06 2727.02
2002 629.253 63.8417 513.958 770.413
2003 1912.09 186.878 1573.33 2323.8
2004 1021.55 102.28 836.593 1247.41
2005 1950.98 196.874 1595.24 2386.06
2006 1454.02 148.744 1185.62 1783.17
2007 942.37 96.5662 768.154 1156.1
2008 1200.83 123.162 978.65 1473.44
2009 1185.32 122.498 964.51 1456.67
2010 972.117 100.481 791.001 1194.7
2011 1170.45 123.414 948.467 1444.4
2012 1227.07 124.675 1001.94 1502.78
2013 635.744 64.9409 518.545 779.432
2014 931.998 94.1503 761.891 1140.08
2015 1354.91 136.461 1108.28 1656.42
2016 1710.55 168.8 1404.85 2082.78
2017 889.912 88.7412 729.368 1085.8
2018 891.854 88.3992 731.831 1086.87
2019 746.477 74.4481 611.793 910.812
Y_total_proj
 746.477 746.477 746.477 746.477
 747.225 747.225 747.225 747.225
 1.07156e-05 876.367 963.718 1049.24
 1.31839e-05 922.986 998.351 1069.3
 1.59131e-05 987.07 1054.94 1116.77
SSB_fut
1 2019 0 0 0 0
1 2020 0 0 0 0
1 2021 0 0 0 0
1 2022 0 0 0 0
1 2023 0 0 0 0
2 2019 1684.17 157.82 1396.91 2030.49
2 2020 1581.07 166.569 1281.43 1950.77
2 2021 1461.13 180.332 1142.6 1868.47
2 2022 1416.07 228.813 1027.16 1952.23
2 2023 1399.17 275.004 947.908 2065.26
3 2019 1684.17 157.82 1396.91 2030.49
3 2020 1581.07 166.569 1281.43 1950.77
3 2021 1440.78 178.359 1125.86 1843.81
3 2022 1376.42 225.067 994.626 1904.78
3 2023 1345.1 267.96 906.573 1995.76
4 2019 1684.17 157.82 1396.91 2030.49
4 2020 1581.07 166.569 1281.43 1950.77
4 2021 1420.78 176.424 1109.39 1819.58
4 2022 1338.35 221.479 963.38 1859.25
4 2023 1294.09 261.232 867.707 1929.98
