# Number of parameters = 145 Objective function value = 10157.5354888027  Maximum gradient component = 6.36172795772761e-05
# log_A50flom:
 1.27062121674784
# log_sdA50flom:
 0.526389729318397
# log_A50floh:
 1.49954484279440
# log_sdA50floh:
 0.106056784241848
# log_A50cruh:
 1.17267108064210 1.40485398310455
# log_sdA50cruh:
 -0.467038456550073 -0.118854701801213
# log_A50crum:
 1.60514624293547 1.18720222085862
# log_sdA50crum:
 1.02763935050400 0.732050711593871
# log_Ro:
4.89335757030
# log_propmR:
-0.693140000000
# log_dev_Ro:
 -0.281051433184 0.158474435175 0.619757621508 0.280865505789 0.0667613124809 0.461291113329 0.498764562222 0.569106189514 0.0491879586904 0.145019664362 0.0374498346524 0.201522849606 0.123956486470 0.109092044869 0.0678525571170 0.296615483761 0.367719408747 0.657659693491 0.374946268554 0.568136569455 0.300614980553 0.345141998640 0.201247316874 -0.219452365423 0.682157028045 0.0461841877175 -0.822222666540 -1.50925255873 -1.64612150080 -1.35301788709 -0.893575206386 -0.516473327507 0.0116418740389
# log_dev_Nom:
 0.290456502726 -0.844558097843 -0.527929370568 -0.194595073764 -0.218199890203 0.402530693253 0.523467216685 0.199126742068 0.0547856139172 0.00482369447217 -0.000425672718414
# log_dev_Noh:
 -0.308340330787 0.774898867789 0.538643758944 -0.301342387955 -0.0181439172535 -0.235718024715 -0.0111380252533 0.148339067920 0.0830904892987 0.0224348501374 0.00197716168110
# log_Fm:
 -0.787944963530 -0.471758239728 -0.816236769230 -0.200000002090 -0.719926839962 -1.29647115843 -0.858867719055 -1.99243165176 -2.10499278703 -2.29161379458 -1.70742802772 -1.17712306883 -1.27112409089 -1.00796620290 -0.400445049448 -0.200000001299 -0.378182598170 -1.69788704256 -0.861775488265 -1.54224379667 -1.14067338227 -1.44717837305 -2.14267502132 -1.90897454276 -2.00933248517 -2.30921364387 -2.42467656976 -1.79712892082 -2.87046898997 -2.26881449833 -1.82116126035 -1.23574398311 -1.60429999120
# log_Fh:
 -0.200000002853 -0.200000004305 -0.941657730270 -0.200000018553 -0.410423180806 -0.648079902344 -0.200000039317 -1.47774070052 -1.56353999295 -1.64408938411 -0.969421675863 -0.759511808109 -1.83603843358 -1.22532366056 -0.200000004576 -0.626554147792 -0.243108148988 -1.65968944860 -0.484017245194 -1.30140528588 -0.693184953309 -1.36316994850 -1.85850446479 -2.00869668161 -2.10448132306 -2.26249508146 -1.77493481909 -2.69304506427 -2.54893103714 -2.56499992073 -2.04488798515 -1.75555605991 -2.06520440892
# log_qflo:
 -8.67902364182
# log_qcru:
 0.489411410093 0.269192114721
# log_Lom:
2.98937611083
# log_cv_edadm:
-2.65966645512
# log_Loh:
2.29595853583
# log_cv_edadh:
-2.73005851339
# log_Mh:
-1.20397280433
# log_Mm:
-1.20397280433
# log_Fref:
 -0.670418483598 -1.11339560022 -1.31467378974 -1.81098458342
