# Number of parameters = 148 Objective function value = 10639.4716455506  Maximum gradient component = 0.000131829944185829
# log_A50flom:
 1.29813399299492
# log_sdA50flom:
 0.557978615066417
# log_A50floh:
 1.50093640012714
# log_sdA50floh:
 0.0904055933239604
# log_A50cruh:
 1.17217980026441 1.39767081028415
# log_sdA50cruh:
 -0.478851994479564 -0.109587539050105
# log_A50crum:
 1.62538230536441 1.24459193749383
# log_sdA50crum:
 1.04398443651760 0.796963648943087
# log_Ro:
4.92560826636
# log_propmR:
-0.693140000000
# log_dev_Ro:
 -0.373432589992 0.196261938548 0.543847841092 0.221428885500 0.0287856050115 0.425393083030 0.462349917575 0.530546675931 0.0215273542257 0.113691744533 0.00503148668426 0.171537538326 0.0701145457979 0.0777873323848 0.0267072127707 0.264951312030 0.327222768934 0.614155412798 0.317078110243 0.522637808549 0.240138173046 0.292441285214 0.139968457469 -0.289594222937 0.626270225933 0.0398343656827 -0.681559562765 -1.02422950350 -0.779753639549 -1.11172503451 -0.996832570221 -0.811229213037 -0.209047558093 -0.00230518670356
# log_dev_Nom:
 0.279490066761 -0.816346857511 -0.550108760893 -0.226436563074 -0.274252031991 0.330512218936 0.514636179933 0.200201716025 0.0544477764275 0.00421326157429 -0.000715129789471
# log_dev_Noh:
 -0.358294686509 0.703723104354 0.515195244102 -0.333727371406 -0.0484565107155 -0.271583728363 -0.0329111567930 0.133754875333 0.0762436139622 0.0203299735800 0.00170643820554
# log_Fm:
 -0.751383729972 -0.448949820174 -0.788900180693 -0.200000001955 -0.693243175346 -1.25632615707 -0.810091258223 -1.94344490414 -2.05715364535 -2.24362256098 -1.66118542364 -1.13419687245 -1.23318270273 -0.970087462813 -0.365654032592 -0.200000001161 -0.315913205640 -1.64758861539 -0.806675247835 -1.48795813907 -1.08198985216 -1.38749595388 -2.08538523918 -1.85302935416 -1.95361536671 -2.25355943284 -2.36872547327 -1.74894631677 -2.81506366713 -2.23564530655 -1.81785928193 -1.28618869285 -1.73037048043 -1.37810775839
# log_Fh:
 -0.200000002750 -0.200000004069 -0.933113043740 -0.200000015015 -0.379271118078 -0.621735725917 -0.200000031589 -1.45960246560 -1.54245305922 -1.62459824477 -0.952676721265 -0.741194518326 -1.82352857629 -1.21554347512 -0.200000004249 -0.661321016978 -0.226070568135 -1.64838579358 -0.473965308905 -1.29106546161 -0.681303992088 -1.34757713780 -1.84267217676 -1.98827481238 -2.08199399757 -2.23552184124 -1.73308676957 -2.67101068025 -2.50459988397 -2.52102924367 -1.98727357645 -1.70164401088 -2.08198147566 -2.19603290863
# log_qflo:
 -8.64224824520
# log_qcru:
 0.512538222651 0.273871600875
# log_Lom:
2.98683024627
# log_cv_edadm:
-2.67562907405
# log_Loh:
2.29687874862
# log_cv_edadh:
-2.71476557830
# log_Mh:
-1.20397280433
# log_Mm:
-1.20397280433
# log_Fref:
 -1.46824750850 -1.50735069463 -1.70322847085 -1.82231042488
