# Number of parameters = 148 Objective function value = 10639.4716455508  Maximum gradient component = 3.68370764452978e-05
# log_A50flom:
 1.29813399513307
# log_sdA50flom:
 0.557978626081020
# log_A50floh:
 1.50093639932670
# log_sdA50floh:
 0.0904055429170702
# log_A50cruh:
 1.17217976586128 1.39767080648491
# log_sdA50cruh:
 -0.478852094315754 -0.109587538537506
# log_A50crum:
 1.62538223618936 1.24459191932383
# log_sdA50crum:
 1.04398436578159 0.796963634271125
# log_Ro:
4.92560827414
# log_propmR:
-0.693140000000
# log_dev_Ro:
 -0.373432599266 0.196262209945 0.543847615666 0.221429070871 0.0287855494217 0.425393131505 0.462349922808 0.530546705783 0.0215272834954 0.113691773861 0.00503149143602 0.171537577812 0.0701144888263 0.0777873434939 0.0267071903681 0.264951326391 0.327222779745 0.614155337107 0.317078145505 0.522637772793 0.240138180608 0.292441263899 0.139968468612 -0.289594135290 0.626270182733 0.0398343547481 -0.681559472630 -1.02422965999 -0.779753580887 -1.11172502932 -0.996832586347 -0.811229259657 -0.209047600783 -0.00230524326580
# log_dev_Nom:
 0.279490027741 -0.816346778502 -0.550108724713 -0.226436579934 -0.274252176047 0.330512345424 0.514635957206 0.200201871608 0.0544478242191 0.00421323243519 -0.000715135932493
# log_dev_Noh:
 -0.358294779586 0.703723055375 0.515195311778 -0.333727419592 -0.0484564933786 -0.271583766554 -0.0329110678213 0.133754931192 0.0762436155266 0.0203300283910 0.00170646934371
# log_Fm:
 -0.751383713452 -0.448949850277 -0.788900192261 -0.200000001954 -0.693243240944 -1.25632620426 -0.810091271905 -1.94344493242 -2.05715366990 -2.24362257318 -1.66118544504 -1.13419687076 -1.23318273725 -0.970087473618 -0.365654058986 -0.200000001158 -0.315913261973 -1.64758863393 -0.806675231457 -1.48795815878 -1.08198990987 -1.38749594648 -2.08538525676 -1.85302935720 -1.95361536586 -2.25355944113 -2.36872548293 -1.74894631792 -2.81506367447 -2.23564532556 -1.81785929305 -1.28618872557 -1.73037051940 -1.37810777711
# log_Fh:
 -0.200000002761 -0.200000004097 -0.933113042726 -0.200000014942 -0.379271072276 -0.621735740402 -0.200000031621 -1.45960242517 -1.54245306800 -1.62459824996 -0.952676749104 -0.741194545581 -1.82352862724 -1.21554346773 -0.200000004251 -0.661321009382 -0.226070624494 -1.64838583279 -0.473965264794 -1.29106542439 -0.681304028972 -1.34757713622 -1.84267217697 -1.98827482622 -2.08199400549 -2.23552185926 -1.73308679181 -2.67101069973 -2.50459990809 -2.52102926117 -1.98727359638 -1.70164404250 -2.08198148999 -2.19603294315
# log_qflo:
 -8.64224825995
# log_qcru:
 0.512538159674 0.273871576977
# log_Lom:
2.98683024610
# log_cv_edadm:
-2.67562908169
# log_Loh:
2.29687874601
# log_cv_edadh:
-2.71476556232
# log_Mh:
-1.20397280433
# log_Mm:
-1.20397280433
# log_Fref:
 -0.664816475781 -1.10918114864 -1.31089385585 -1.46824753262
