# Number of parameters = 148 Objective function value = 10639.4716455508  Maximum gradient component = 5.22127246817861e-05
# log_A50flom:
 1.29813398003226
# log_sdA50flom:
 0.557978636819197
# log_A50floh:
 1.50093639914773
# log_sdA50floh:
 0.0904055477994822
# log_A50cruh:
 1.17217977947223 1.39767080755610
# log_sdA50cruh:
 -0.478852039964191 -0.109587547748233
# log_A50crum:
 1.62538221965955 1.24459190425952
# log_sdA50crum:
 1.04398435948314 0.796963627588381
# log_Ro:
4.92560827503
# log_propmR:
-0.693140000000
# log_dev_Ro:
 -0.373432415372 0.196262105119 0.543847619309 0.221429083834 0.0287855798928 0.425393102793 0.462349945170 0.530546704781 0.0215272774411 0.113691754898 0.00503153205035 0.171537447206 0.0701146458582 0.0777872613673 0.0267071842166 0.264951293370 0.327222784732 0.614155347645 0.317078122844 0.522637817333 0.240138162151 0.292441279860 0.139968417670 -0.289593996123 0.626270113900 0.0398343887857 -0.681559480038 -1.02422961361 -0.779753595738 -1.11172504062 -0.996832625483 -0.811229285761 -0.209047675107 -0.00230524438304
# log_dev_Nom:
 0.279489951553 -0.816346876621 -0.550108713503 -0.226436576383 -0.274252126720 0.330512334101 0.514635929832 0.200201863086 0.0544478461409 0.00421325786173 -0.000715128432521
# log_dev_Noh:
 -0.358294871100 0.703723098016 0.515195245384 -0.333727405600 -0.0484564896339 -0.271583756434 -0.0329110287767 0.133754908323 0.0762435983236 0.0203300062979 0.00170644553469
# log_Fm:
 -0.751383728482 -0.448949871566 -0.788900190535 -0.200000001954 -0.693243272345 -1.25632622235 -0.810091287500 -1.94344494763 -2.05715368326 -2.24362259162 -1.66118546228 -1.13419687977 -1.23318275109 -0.970087493160 -0.365654064144 -0.200000001158 -0.315913357977 -1.64758867844 -0.806675259825 -1.48795819348 -1.08198990241 -1.38749597580 -2.08538527981 -1.85302937748 -1.95361538952 -2.25355946145 -2.36872550393 -1.74894633881 -2.81506368523 -2.23564534586 -1.81785930743 -1.28618873873 -1.73037053600 -1.37810778655
# log_Fh:
 -0.200000002761 -0.200000004085 -0.933113022549 -0.200000014947 -0.379271116747 -0.621735805721 -0.200000031677 -1.45960241528 -1.54245306132 -1.62459824647 -0.952676746486 -0.741194545503 -1.82352862408 -1.21554347156 -0.200000004247 -0.661320996951 -0.226070693632 -1.64838587552 -0.473965303933 -1.29106543762 -0.681303968344 -1.34757711894 -1.84267216141 -1.98827482088 -2.08199401253 -2.23552186139 -1.73308679134 -2.67101069201 -2.50459990659 -2.52102925915 -1.98727359817 -1.70164404393 -2.08198149474 -2.19603293417
# log_qflo:
 -8.64224827252
# log_qcru:
 0.512538125630 0.273871559361
# log_Lom:
2.98683025407
# log_cv_edadm:
-2.67562908536
# log_Loh:
2.29687874552
# log_cv_edadh:
-2.71476557014
# log_Mh:
-1.20397280433
# log_Mm:
-1.20397280433
# log_Fref:
 -0.664816472624 -1.10918115556 -1.31089385512 -1.52806406570
