# Number of parameters = 206 Objective function value = 4947.48593670383  Maximum gradient component = 0.000119340719261104
# log_L50m:
 3.12225487878384
# log_sigma1m:
 0.549306230645754
# log_sigma2m:
 3.90490588059357
# log_L50h:
 3.24466076353766
# log_sigma1h:
 0.867983121544099
# log_sigma2h:
 3.90664752628005
# log_Ro:
6.49658623612
# log_pRm:
-0.693140000000
# dev_log_Ro:
 -0.388121223191 -0.480637500176 -0.587095733719 -0.756066837001 -0.674578992251 0.402204039404 0.578109649406 0.181900204765 -0.343234679011 -0.400744357828 -0.452876510137 -0.503049978785 -0.548798724511 -0.596840149622 -0.583564900093 -0.581276829903 -0.727216243822 -0.906059555959 -0.630843428334 0.196786447759 -0.0914381393135 0.248676916381 0.123190504654 -0.0841778187037 -0.0459391633359 0.227162933556 0.421084287891 0.0680239983780 0.810235856319 0.816855695914 0.776275298237 0.809689160417 0.791052494840 0.822900013887 0.733531628136 0.833497396288 0.482069705027 0.110834368223 0.174500618928 0.457230392243 0.441727345507 0.213876761307 -0.0878541190249 0.186459299078 -0.0399532169441 -0.247217586064 0.0646621282179 -0.231589773728 -0.0753090558630 -0.0466673291438 -0.348830833557 -0.288761375449 -0.179841497831 0.190588010180 0.279195010534 0.0762701063890 -0.526769580949 -0.0246591604305 -0.0192907668670 -0.0192852103195
# dev_log_Nom:
 -0.107808330473 -0.0804012456032 -0.0593878989622 -0.0432053698651 -0.0309240830216 -0.0476292096431
# dev_log_Noh:
 -0.222222017071 -0.169968188962 -0.128047782555 -0.0953479340603 -0.0692087897715 -0.102962013668
# log_Fm:
 -4.67182754214 -3.65842769205 -3.72770854636 -2.83582247841 -2.66261929604 -2.46277116153 -2.38655501362 -2.25871522296 -2.05618079958 -1.99910135921 -3.80027981524 -5.55694984140 -16.4430411249 -16.3909727276 -4.47057491176 -4.55782907682 -3.50095997439 -3.19014781372 -4.94428588548 -3.69058612149 -15.9225347506 -4.98344967692 -2.11234416259 -1.76293620529 -1.81563266632 -2.02703742589 -1.52068068459 -1.37506064694 -1.23873608193 -1.28365451048 -1.00231107353 -0.879677925671 -0.925962550435 -1.08736419228 -1.03626420822 -1.15961979885 -0.917181227858 -1.21542887969 -0.848704634904 -0.863855401740 -1.15900373421 -1.19319587393 -1.62945656909 -1.60195592432 -2.08839946961 -2.20213992191 -2.22336539364 -2.16119025154 -2.02363529896 -1.99118458500 -2.06239423767 -2.07829674361 -2.22760453223 -2.48209046629 -2.44775504599 -2.48876963108 -2.21750950080 -2.61312097592 -2.65909540522 -2.61489777193
# log_Fh:
 -4.26451079974 -3.24797064801 -3.30853968857 -2.43172007203 -2.26424797614 -2.06497002285 -1.98668912925 -1.80949754750 -1.48157623307 -1.47298455330 -3.38485008925 -5.21546938422 -16.1155418479 -16.0687197998 -4.15037250304 -4.23718021835 -3.17668977420 -2.85373954773 -4.60433792910 -3.36344692100 -15.6032048455 -4.62416406672 -1.65812164472 -1.32782350839 -1.32657276262 -1.56664831157 -1.06725150622 -0.864814230091 -0.653948388096 -0.686666634045 -0.411717107608 -0.200000011939 -0.281871426830 -0.200000002684 -0.324921899561 -0.323383116488 -0.200000009725 -0.684846096877 -0.235383217794 -0.479607702564 -0.340876193365 -0.372211539226 -0.877381860968 -1.12274989652 -1.57724681221 -1.70785291872 -1.78881241418 -1.56772028715 -1.41505409979 -1.67586060079 -1.58919118676 -1.75180085645 -1.76576272458 -2.05164368714 -1.99383821453 -1.90370464493 -1.69221933672 -2.04944346154 -2.31555730100 -2.40901369030
# log_qflo:
 -3.89797851819
# log_qcru:
 0.586038976576 0.325840895389
# log_Lom:
2.50959926238
# log_cv_edadm:
-2.62137045794
# log_Loh:
2.41591377830
# log_cv_edadh:
-2.62939070289
# log_Mh:
-1.02165124753
# log_Mm:
-1.02165124753
# log_Fref:
 -18.3924798559 -1.32887774723
