#DATOS CAMARON NORTE CTP 2019																													
#numero_de_años																													
60																													
#numero_de_edades																													
6																													
#numero_de_tallas																													
30																											
#Años	Capt	CPUE	Crucero	ph	cv_capt	cv_CPUE	cv_Cru	cv_ph	n_mf	n_hf	n_mc	n_hc	#
1961	115	0	0	0.548	0.01	0.2	0.1	0.05	20	20	20	20	#
1962	332	0	0	0.548	0.01	0.2	0.1	0.05	20	20	20	20	#
1963	314	0	0	0.548	0.01	0.2	0.1	0.05	20	20	20	20	#
1964	728	0	0	0.548	0.01	0.2	0.1	0.05	20	20	20	20	#
1965	785	0	0	0.548	0.01	0.2	0.1	0.05	20	20	20	20	#
1966	851	0	0	0.548	0.01	0.2	0.1	0.05	20	20	20	20	#
1967	801	0	0	0.548	0.01	0.2	0.1	0.05	20	20	20	20	#
1968	822	0	0	0.548	0.01	0.2	0.1	0.05	20	20	20	20	#
1969	1125	160.0	0	0.548	0.01	0.2	0.1	0.05	20	20	20	20	#
1970	1453	145.6	0	0.548	0.01	0.2	0.1	0.05	20	20	20	20	#
1971	281	189.0	0	0.548	0.01	0.2	0.1	0.05	20	20	20	20	#
1972	53	0.0	0	0.548	0.01	0.2	0.1	0.05	20	20	20	20	#
1973	0.001	0.0	0	0.548	0.01	0.2	0.1	0.05	20	20	20	20	#
1974	0.001	210.6	0	0.548	0.01	0.2	0.1	0.05	20	20	20	20	#
1975	139	190.1	0	0.548	0.01	0.2	0.1	0.05	20	20	20	20	#
1976	118	0.0	0	0.548	0.01	0.2	0.1	0.05	20	20	20	20	#
1977	314	0.0	0	0.548	0.01	0.2	0.1	0.05	20	20	20	20	#
1978	396	133.8	0	0.548	0.01	0.2	0.1	0.05	20	20	20	20	#
1979	65	143.2	0	0.548	0.01	0.2	0.1	0.05	20	20	20	20	#
1980	217	0.0	0	0.548	0.01	0.2	0.1	0.05	20	20	20	20	#
1981	0.001	132.6	0	0.548	0.01	0.2	0.1	0.05	20	20	20	20	#
1982	56	157.7	0	0.548	0.01	0.2	0.1	0.05	20	20	20	20	#
1983	1073	134.1	0	0.548	0.01	0.2	0.1	0.05	20	20	20	20	#
1984	1545	133.0	0	0.548	0.01	0.2	0.1	0.05	20	20	20	20	#
1985	1565	132.2	0	0.548	0.01	0.2	0.1	0.05	20	20	20	20	#
1986	1353	137.9	0	0.548	0.01	0.2	0.1	0.05	20	20	20	20	#
1987	2197	164.0	0	0.548	0.01	0.2	0.1	0.05	20	20	20	20	#
1988	2340	137.5	0	0.548	0.01	0.2	0.1	0.05	20	20	20	20	#
1989	2537	111.2	0	0.548	0.01	0.2	0.1	0.05	20	20	20	20	#
1990	2469	130.1	0	0.548	0.01	0.2	0.1	0.05	20	20	20	20	#
1991	3158	144.7	0	0.548	0.01	0.2	0.1	0.05	20	20	20	20	#
1992	3764	126.7	0	0.548	0.01	0.2	0.1	0.05	20	20	20	20	#
1993	4061	138.1	0	0.548	0.01	0.2	0.1	0.05	20	20	20	20	#
1994	4382	148.6	0	0.625	0.01	0.2	0.1	0.05	20	20	20	20	#
1995	4358	157.5	0	0.546	0.01	0.2	0.1	0.05	20	20	20	20	#
1996	4372	165.8	0	0.582	0.01	0.2	0.1	0.05	20	20	20	20	#
1997	5180	180.3	0	0.554	0.01	0.2	0.1	0.05	20	20	20	20	#
1998	3572	150.8	0	0.513	0.01	0.2	0.1	0.05	20	20	20	20	#
1999	5492	133.1	19996	0.544	0.01	0.2	0.1	0.05	20	20	20	20	#
2000	4345	128.2	20361	0.5	0.01	0.2	0.1	0.05	20	20	20	20	#
2001	3592	129.1	16351	0.603	0.01	0.2	0.1	0.05	20	20	20	20	#
2002	2917	130.6	9908	0.572	0.01	0.2	0.1	0.05	20	20	20	20	#
2003	1883	134.5	10614	0.556	0.01	0.2	0.1	0.05	20	20	20	20	#
2004	1980	147.9	13264	0.516	0.01	0.2	0.1	0.05	20	20	20	20	#
2005	1426	157.3	13179	0.547	0.01	0.2	0.1	0.05	20	20	20	20	#
2006	1340	175.5	17625	0.554	0.01	0.2	0.1	0.05	20	20	20	20	#
2007	1284	195.1	0	0.536	0.01	0.2	0.1	0.05	20	20	20	20	#
2008	1501	197.1	12963	0.582	0.01	0.2	0.1	0.05	20	20	20	20	#
2009	1607	211.6	10340	0.582	0.01	0.2	0.1	0.05	20	20	20	20	#
2010	1307	200.6	0	0.502	0.01	0.2	0.1	0.05	20	20	20	20	#
2011	1302	211.4	11533	0.552	0.01	0.2	0.1	0.05	20	20	20	20	#
2012	1137	204.5	10162	0.513	0.01	0.2	0.1	0.05	20	20	20	20	#
2013	1078	197.4	10674	0.55	0.01	0.2	0.1	0.05	20	20	20	20	#
2014	821	165.0	7978.7	0.551	0.01	0.2	0.1	0.05	20	20	20	20	#
2015	848	168.8	11386.8	0.555	0.01	0.2	0.1	0.05	20	20	20	20	#
2016	874	157.8	9552	0.581	0.01	0.2	0.1	0.05	20	20	20	20	#
2017	1136	195.8	12293	0.556	0.01	0.2	0.1	0.05	20	20	20	20	#
2018	877	188.4	9569	0.57	0.01	0.2	0.1	0.05	20	20	20	20	#
2019	817	155.8	12949	0.53	0.01	0.2	0.1	0.05	20	20	20	20	#
2020	800	162.4	0	0.51	0.01	0.2	0.1	0.05	20	20	20	20	#
#grupos_de_edades																													
1	2	3	4	5	6																								
#grupos_de_Tallas																													
10.5	11.5	12.5	13.5	14.5	15.5	16.5	17.5	18.5	19.5	20.5	21.5	22.5	23.5	24.5	25.5	26.5	27.5	28.5	29.5	30.5	31.5	32.5	33.5	34.5	35.5	36.5	37.5	38.5	39.5
# Machos Flota																											
0	0	0	0	0	0	0	0	0	0	0	0	0	0	0	0	0	0	0	0	0	0	0	0	0	0	0	0	0	0
0	0	0	0	0	0	0	0	0	0	0	0	0	0	0	0	0	0	0	0	0	0	0	0	0	0	0	0	0	0
0	0	0	0	0	0	0	0	0	0	0	0	0	0	0	0	0	0	0	0	0	0	0	0	0	0	0	0	0	0
0	0	0	0	0	0	0	0	0	0	0	0	0	0	0	0	0	0	0	0	0	0	0	0	0	0	0	0	0	0
0	0	0	0	0	0	0	0	0	0	0	0	0	0	0	0	0	0	0	0	0	0	0	0	0	0	0	0	0	0
0	0	0	0	0	0	0	0	0	0	0	0	0	0	0	0	0	0	0	0	0	0	0	0	0	0	0	0	0	0
0	0	0	0	0	0	0	0	0	0	0	0	0	0	0	0	0	0	0	0	0	0	0	0	0	0	0	0	0	0
0	0	0	0	0	0	0	0	0	0	0	0	0	0	0	0	0	0	0	0	0	0	0	0	0	0	0	0	0	0
0	0	0	0	0	0	0	0	0	0	0	0	0	0	0	0	0	0	0	0	0	0	0	0	0	0	0	0	0	0
0	0	0	0	0	0	0.001688239	0.006752954	0.01181767	0.029262802	0.055711874	0.091727631	0.120990433	0.164321891	0.144063028	0.148564997	0.109735509	0.057400113	0.038266742	0.015756894	0.003376477	0.000562746	0	0	0	0	0	0	0	0
0	0	0	0	0	0	0.001702128	0.003404255	0.008510638	0.015319149	0.046808511	0.086808511	0.106382979	0.16	0.158297872	0.187234043	0.125106383	0.049361702	0.04	0.01106383	0	0	0	0	0	0	0	0	0	0
0	0	0	0	0	0	0	0	0	0	0	0	0	0	0	0	0	0	0	0	0	0	0	0	0	0	0	0	0	0
0	0	0	0	0	0	0	0	0	0	0	0	0	0	0	0	0	0	0	0	0	0	0	0	0	0	0	0	0	0
0	0	0	0	0	0	0	0	0	0	0	0	0	0	0	0	0	0	0	0	0	0	0	0	0	0	0	0	0	0
0	0	0	0	0	0	0	0	0	0	0	0	0	0	0	0	0	0	0	0	0	0	0	0	0	0	0	0	0	0
0	0	0	0	0	0	0	0	0	0	0	0	0	0	0	0	0	0	0	0	0	0	0	0	0	0	0	0	0	0
0	0	0	0	0	0	0	0	0	0	0	0	0	0	0	0	0	0	0	0	0	0	0	0	0	0	0	0	0	0
0	0	0	0	0	0	0	0	0	0	0	0	0	0	0	0	0	0	0	0	0	0	0	0	0	0	0	0	0	0
0	0	0	0	0	0	0	0	0	0	0	0	0	0	0	0	0	0	0	0	0	0	0	0	0	0	0	0	0	0
0	0	0	0	0	0	0	0	0	0	0	0	0	0	0	0	0	0	0	0	0	0	0	0	0	0	0	0	0	0
0	0	0	0	0	0	0	0	0	0	0	0	0	0	0	0	0	0	0	0	0	0	0	0	0	0	0	0	0	0
0	0	0	0	0	0	0	0	0	0	0	0	0	0	0	0	0	0	0	0	0	0	0	0	0	0	0	0	0	0
0	0	0	0	0	0	0	0	0	0	0	0	0	0	0	0	0	0	0	0	0	0	0	0	0	0	0	0	0	0
0	0	0	0	0	0	0	0.002169197	0.010845987	0.039045553	0.086767896	0.136659436	0.117136659	0.151843818	0.15835141	0.114967462	0.101952278	0.047722343	0.023861171	0.006507592	0.002169197	0	0	0	0	0	0	0	0	0
0	0	0	0	0	0.003401361	0	0	0.006802721	0.013605442	0.040816327	0.074829932	0.132653061	0.166666667	0.153061224	0.095238095	0.105442177	0.105442177	0.074829932	0.013605442	0.006802721	0.006802721	0	0	0	0	0	0	0	0
0	0.000357782	0.000178891	0	0.000357782	0.001073345	0.001073345	0.003935599	0.011449016	0.024865832	0.040250447	0.08372093	0.128443649	0.149552773	0.18157424	0.157602862	0.101431127	0.056529517	0.035420394	0.014847943	0.004651163	0.001431127	0.000357782	0	0.000357782	0.000178891	0.000357782	0	0	0
0	0	0	0	0	0	0	0	0	0	0	0	0	0	0	0	0	0	0	0	0	0	0	0	0	0	0	0	0	0
0	0	0	0	0	0	0	0	0	0	0	0	0	0	0	0	0	0	0	0	0	0	0	0	0	0	0	0	0	0
0	0	0	0	0	0	0	0	0	0	0	0	0	0	0	0	0	0	0	0	0	0	0	0	0	0	0	0	0	0
0	0	0	0	0	0	0	0	0	0	0	0	0	0	0	0	0	0	0	0	0	0	0	0	0	0	0	0	0	0
0	0	0	0	0	0	0	0	0	0	0	0	0	0	0	0	0	0	0	0	0	0	0	0	0	0	0	0	0	0
0	0	0	0	0	0	0	0	0	0	0	0	0	0	0	0	0	0	0	0	0	0	0	0	0	0	0	0	0	0
0	0	0.000611658	0	0.001115817	0.001834975	0.007643114	0.020818956	0.017945152	0.034590429	0.065436597	0.082141267	0.151098331	0.191136065	0.169678076	0.116249313	0.064554296	0.036379788	0.017303718	0.009125967	0.004050613	0.004494362	0.002813241	0.000978265	0	0	0	0	0	0
0	0	0	0.000747875	0.002065448	0.003180711	0.011619263	0.019558357	0.0316901	0.047690576	0.068266505	0.093057894	0.127201882	0.16373883	0.154549231	0.105844779	0.076366538	0.048133247	0.025176781	0.012651277	0.005226803	0.002758848	0.000223146	0.000251908	0	0	0	0	0	0
0	0	0	0.000116385	0.000140428	0.000651659	0.001704572	0.004490382	0.00973562	0.025490257	0.051090415	0.102802381	0.13684556	0.168474863	0.163598619	0.124736026	0.083716946	0.050995656	0.031247159	0.01804417	0.011310022	0.007911969	0.003274412	0.001878653	0.000730854	0.000371217	0.000246609	0.000119747	0.000251469	2.39E-05
0	0	0	0	0	0.000523805	0.003203847	0.005047002	0.009353052	0.01697077	0.045114943	0.083648099	0.13528585	0.182938976	0.179546234	0.142944904	0.08041012	0.049446928	0.027542859	0.020534481	0.007492344	0.003714796	0.001530507	0	0	0	0	0	0	0
0.00001936	0	0.00020713	0.00098644	0.00248868	0.00440488	0.0107551	0.01736781	0.03401626	0.05567308	0.07726821	0.11099307	0.13573516	0.16511598	0.14159669	0.1131381	0.06843991	0.03523699	0.01658811	0.00770175	0.00200831	0.00010525	0.00015373	0	0	0	0	0	0	0
0	0	0	0.00006366	0.00023448	0.00011706	0.00062415	0.00284187	0.00966058	0.02814154	0.0637383	0.105765	0.1465575	0.17332062	0.17569498	0.1312809	0.08961622	0.04324811	0.02022604	0.00755421	0.00103647	0.00015109	0.00012721	0	0	0	0	0	0	0
0	0	0	0	0.00023487	0.00102261	0.00330702	0.01104186	0.03326145	0.05611967	0.09102649	0.11515791	0.13207394	0.1320021	0.11465883	0.09695973	0.07823002	0.06013362	0.04144513	0.0235133	0.00852128	0.00096332	0.00025288	0.00007397	0	0	0	0	0	0
0	0	0	0	0.00029007	0.00185294	0.00393838	0.01268869	0.02728577	0.04784516	0.07697824	0.1089325	0.14391754	0.16888556	0.15100555	0.10901866	0.07586346	0.03935574	0.0196531	0.00964795	0.00260065	0.00024005	0	0	0	0	0	0	0	0
0	0	0	0.00049324	0.00129028	0.0034883	0.01057371	0.01814734	0.03532624	0.06421891	0.09347997	0.12053654	0.13157898	0.12878484	0.11622592	0.10034258	0.0722522	0.04798373	0.03058098	0.01606248	0.00553155	0.00157457	0.00097431	0.00055332	0	0	0	0	0	0
0	0	0	0.00021867	0.0022643	0.00764565	0.01879273	0.03288589	0.06293808	0.08221435	0.11070368	0.14500206	0.13772171	0.13024088	0.09613697	0.06815307	0.04263981	0.0266111	0.01650629	0.01048776	0.00499434	0.00296237	0.00084433	0.00003596	0	0	0	0	0	0
0	0	0.00004956	0.00018085	0.00101563	0.00399123	0.01057245	0.02084177	0.03759418	0.06743469	0.1230815	0.16979114	0.18526429	0.14402277	0.10012953	0.06263465	0.04056797	0.01933436	0.00899935	0.00314882	0.00122663	0.00011863	0	0	0	0	0	0	0	0
0.00009936	0.00006933	0.00025549	0.00060651	0.00370584	0.0107667	0.01751414	0.02990922	0.05055315	0.07519302	0.12159126	0.15931447	0.17522717	0.15346047	0.10144079	0.05953216	0.02632391	0.00926594	0.00429153	0.00052708	0.0002822	0.00001446	0.00000452	0	0	0	0	0	0.00001156	0
0	0	0.00012464	0.00058906	0.00132427	0.00430546	0.01388069	0.0232087	0.0427044	0.0681694	0.10189014	0.14038251	0.15864644	0.14375689	0.12375376	0.08307276	0.0541387	0.02454217	0.00973209	0.00425062	0.001138	0.00020779	0.00010753	0	0.00007398	0	0	0	0	0
0.00003108	0.00005551	0.00027338	0.00092566	0.0014954	0.00217524	0.00419349	0.00974603	0.01855574	0.04094815	0.06107338	0.10977814	0.16307624	0.19061732	0.15818893	0.11284516	0.06819833	0.03680495	0.01488269	0.00461437	0.00128704	0.00016963	0.00006413	0	0	0	0	0	0	0
0	0	0.00023159	0.0001763	0.00083743	0.00367749	0.00369538	0.00849794	0.02161851	0.04589708	0.09183181	0.11779877	0.13745517	0.1564211	0.15281069	0.12003652	0.07485156	0.04104939	0.01680689	0.00504345	0.00119091	0.00007202	0	0	0	0	0	0	0	0
0	0	0.00008109	0	0.00039794	0.00063261	0.0041711	0.00463052	0.01528601	0.02463817	0.04618176	0.08125875	0.13036158	0.17345467	0.18731964	0.13708908	0.09978139	0.04943791	0.02893903	0.01074287	0.00400289	0.00151355	0.00007946	0	0	0	0	0	0	0
0	0	0	0	0	0.00370556	0.00321003	0.00575832	0.01567033	0.02877451	0.04989205	0.08680757	0.12200946	0.14821684	0.17612475	0.15711562	0.10517457	0.05672417	0.02561558	0.01200033	0.00270992	0.00046733	0.00002306	0	0	0	0	0	0	0
0	0	0	0	0.00079891	0.0033403	0.00612585	0.00803491	0.01020678	0.03063026	0.04414633	0.08259852	0.11741904	0.15998184	0.16242846	0.15106688	0.10050393	0.06217567	0.03833441	0.01556991	0.00482418	0.00143327	0.00038055	0	0	0	0	0	0	0
0	0	0	0.00032077	0.00025177	0.00167839	0.00379551	0.00648839	0.0149522	0.02991938	0.04709548	0.07831393	0.11717476	0.16828418	0.17250307	0.13902705	0.09672615	0.06870177	0.03844836	0.01198547	0.00311014	0.00070396	0.00045224	0	0.00006702	0	0	0	0	0
0	0	0	0	0	0.00034798	0.00281992	0.0071784	0.0120325	0.02714347	0.04532298	0.07779416	0.09192759	0.15682946	0.15174061	0.15477976	0.12152418	0.07500986	0.04313804	0.02125543	0.00571676	0.00179062	0.00018984	0.00050883	0.00054594	0.00026708	0.00017805	0.00022257	0.00031159	0.00008903
0	0	0.0004612	0	0.00019917	0.00150536	0.00476022	0.01097446	0.0228823	0.04524191	0.0704522	0.10863791	0.15339049	0.14235075	0.15607728	0.10529104	0.09368421	0.0420904	0.02769636	0.00989717	0.00300645	0.0011621	0.00011918	0.00011918	0	0	0	0	0	0
0	0	0	0	0	0	0.00175559	0.00301249	0.00536038	0.01563856	0.04645608	0.08052565	0.13132939	0.16279222	0.17951536	0.14006116	0.09886905	0.07159472	0.03489033	0.01806672	0.00587752	0.00033049	0.00195146	0.00195146	0	0	0	0	0	0
0	0	0	0	0	0	0	0	0	0.01448619	0.01213517	0.04341246	0.09722523	0.18922952	0.20973012	0.16702827	0.14385962	0.08121379	0.03185802	0.00975682	0	0	0	0	0	0	0	0	0	0
0	0	0	0	0	0	0.00077059	0.0019657	0.00863055	0.0115626	0.04829601	0.06449826	0.11481289	0.12901593	0.1379235	0.15229691	0.13299361	0.10338509	0.0650702	0.02084324	0.00630357	0.00100471	0.0003094	0.00029746	0	0	0	0	0	0
0	0	0	0	0	0.00003946	0.00083515	0.00098639	0.00817488	0.03063481	0.05419219	0.10699933	0.18133099	0.18668047	0.15330931	0.10642084	0.0780802	0.05309565	0.02682138	0.00857277	0.00268328	0.00099973	0.0001392	0	0	0	0	0	0	0
0	0	0	0	0	0	0	0.00071664	0.00901485	0.02809062	0.04391435	0.08821738	0.22813172	0.24072737	0.16075638	0.10328489	0.05274876	0.03442413	0.00800672	0.00196619	0	0	0	0	0	0	0	0	0	0
0	0	0	0	0	0.00072509	0.0019128	0.00519421	0.00600262	0.02008876	0.0340135	0.06182284	0.10235138	0.13890332	0.18744103	0.17984188	0.11961411	0.07207316	0.04770413	0.01468186	0.00499831	0.00185382	0.00077592	0	0	0	0	0	0	0
0	0	0	0	0	0.000547	0.000765	0.004128	0.007333	0.010003	0.019508	0.034219	0.060525	0.120619	0.184373	0.213792	0.163132	0.100985	0.053399	0.020478	0.004645	0.001400	0.000124	0	0	0	0	0	0	0
# Hembras Flota																											
0	0	0	0	0	0	0	0	0	0	0	0	0	0	0	0	0	0	0	0	0	0	0	0	0	0	0	0	0	0
0	0	0	0	0	0	0	0	0	0	0	0	0	0	0	0	0	0	0	0	0	0	0	0	0	0	0	0	0	0
0	0	0	0	0	0	0	0	0	0	0	0	0	0	0	0	0	0	0	0	0	0	0	0	0	0	0	0	0	0
0	0	0	0	0	0	0	0	0	0	0	0	0	0	0	0	0	0	0	0	0	0	0	0	0	0	0	0	0	0
0	0	0	0	0	0	0	0	0	0	0	0	0	0	0	0	0	0	0	0	0	0	0	0	0	0	0	0	0	0
0	0	0	0	0	0	0	0	0	0	0	0	0	0	0	0	0	0	0	0	0	0	0	0	0	0	0	0	0	0
0	0	0	0	0	0	0	0	0	0	0	0	0	0	0	0	0	0	0	0	0	0	0	0	0	0	0	0	0	0
0	0	0	0	0	0	0	0	0	0	0	0	0	0	0	0	0	0	0	0	0	0	0	0	0	0	0	0	0	0
0	0	0	0	0	0	0	0	0	0	0	0	0	0	0	0	0	0	0	0	0	0	0	0	0	0	0	0	0	0
0	0	0	0	0	0.001407955	0	0.008799718	0.015135516	0.014431538	0.028511088	0.046110524	0.10876452	0.142907427	0.166490672	0.142555438	0.109820486	0.080605421	0.060542063	0.038718761	0.021471313	0.007743752	0.002111932	0	0	0	0	0	0	0
0	0	0	0.000691563	0.000691563	0.001383126	0.003457815	0.006224066	0.007607192	0.022130014	0.042876902	0.083679115	0.103042877	0.128630705	0.19571231	0.145919779	0.107883817	0.076071923	0.045643154	0.019363762	0.006915629	0.002074689	0	0	0	0	0	0	0	0
0	0	0	0	0	0	0	0	0	0	0	0	0	0	0	0	0	0	0	0	0	0	0	0	0	0	0	0	0	0
0	0	0	0	0	0	0	0	0	0	0	0	0	0	0	0	0	0	0	0	0	0	0	0	0	0	0	0	0	0
0	0	0	0	0	0	0	0	0	0	0	0	0	0	0	0	0	0	0	0	0	0	0	0	0	0	0	0	0	0
0	0	0	0	0	0	0	0	0	0	0	0	0	0	0	0	0	0	0	0	0	0	0	0	0	0	0	0	0	0
0	0	0	0	0	0	0	0	0	0	0	0	0	0	0	0	0	0	0	0	0	0	0	0	0	0	0	0	0	0
0.00E+00	0	0	0	0	0	0	0	0	0	0	0	0	0	0	0	0	0	0	0	0	0	0	0	0	0	0	0	0	0
0	0	0	0	0	0	0	0	0	0	0	0	0	0	0	0	0	0	0	0	0	0	0	0	0	0	0	0	0	0
0	0	0	0	0	0	0	0	0	0	0	0	0	0	0	0	0	0	0	0	0	0	0	0	0	0	0	0	0	0
0	0	0	0	0	0	0	0	0	0	0	0	0	0	0	0	0	0	0	0	0	0	0	0	0	0	0	0	0	0
0	0	0	0	0	0	0	0	0	0	0	0	0	0	0	0	0	0	0	0	0	0	0	0	0	0	0	0	0	0
0	0	0	0	0	0	0	0	0	0	0	0	0	0	0	0	0	0	0	0	0	0	0	0	0	0	0	0	0	0
0	0	0	0	0	0	0	0	0	0	0	0	0	0	0	0	0	0	0	0	0	0	0	0	0	0	0	0	0	0
0	0.00101626	0.00101626	0	0	0	0	0	0.00050813	0	0.00304878	0.00304878	0.013211382	0.021341463	0.048780488	0.102642276	0.140752033	0.195121951	0.175304878	0.151930894	0.084857724	0.027947154	0.013719512	0.010670732	0.00254065	0.00254065	0	0	0	0
0	0	0	0	0	0	0.001150748	0.001150748	0.00575374	0.014959724	0.02301496	0.044879171	0.058688147	0.064441887	0.087456847	0.112773303	0.093210587	0.121979287	0.119677791	0.113924051	0.049482163	0.046029919	0.024165708	0.008055236	0.004602992	0.003452244	0	0.001150748	0	0
0	0	0	0.000114233	0.000799634	0.001713502	0.00228467	0.006397076	0.011651816	0.021475897	0.042380626	0.067055061	0.095956134	0.119259767	0.120516335	0.121772904	0.11183459	0.080877313	0.056659813	0.054717843	0.037240119	0.026730637	0.010509481	0.00491204	0.00228467	0.002170436	0.000228467	0.0003427	0.000114233	0
0	0	0	0	0	0	0	0	0	0	0	0	0	0	0	0	0	0	0	0	0	0	0	0	0	0	0	0	0	0
0	0	0	0	0	0	0	0	0	0	0	0	0	0	0	0	0	0	0	0	0	0	0	0	0	0	0	0	0	0
0	0	0	0	0	0	0	0	0	0	0	0	0	0	0	0	0	0	0	0	0	0	0	0	0	0	0	0	0	0
0	0	0	0	0	0	0	0	0	0	0	0	0	0	0	0	0	0	0	0	0	0	0	0	0	0	0	0	0	0
0	0	0	0	0	0	0	0	0	0	0	0	0	0	0	0	0	0	0	0	0	0	0	0	0	0	0	0	0	0
0	0	0	0	0	0	0	0	0	0	0	0	0	0	0	0	0	0	0	0	0	0	0	0	0	0	0	0	0	0
0	0	0	0	0.002858613	0.004098879	0.009252081	0.015824353	0.021188175	0.028399646	0.047317505	0.089086072	0.128912298	0.12635225	0.142042969	0.130578397	0.090050679	0.060983814	0.039281213	0.026203584	0.016053467	0.010853694	0.005486837	0.002785973	0.001241724	0.001038146	0.00010963	0	0	0
5.69E-05	0.00041319	0.001297249	0.002031629	0.005600311	0.008497104	0.013037796	0.023183748	0.034967527	0.051387172	0.062906604	0.08801199	0.11433965	0.119605186	0.115494527	0.110441402	0.087938795	0.061302939	0.04422469	0.027392627	0.01554677	0.00757334	0.003463116	0.000713866	0.000371682	0	0	0.000132182	0	0
0	0	0.000120834	0.000465819	0.000966868	0.00236953	0.007097526	0.012556691	0.024091904	0.036221327	0.068677073	0.089220343	0.104000714	0.122973559	0.130103724	0.107356483	0.09375981	0.075507888	0.051027163	0.035266627	0.020164438	0.009316221	0.006578076	0.001735104	0.000234572	0.000187707	0	0	0.00E+00	0
0	0	0	0	0.000634635	0.001604322	0.003199506	0.006132859	0.012130969	0.028605709	0.04630809	0.074126942	0.105164577	0.134278145	0.156015456	0.135630856	0.099649946	0.075058069	0.048595993	0.035361932	0.017513024	0.008344743	0.004307888	0.000384225	0.000331398	0	0	0	0	0
0.00006183	0.00002613	0.00017643	0.0020623	0.00132086	0.00375272	0.00456313	0.00700367	0.01244948	0.01861059	0.0275179	0.03869265	0.05498683	0.06688669	0.09891043	0.11073378	0.12915881	0.11791853	0.11552664	0.07654008	0.05351873	0.02972558	0.01753897	0.00635775	0.00362964	0.001196	0.00073456	0.00039173	0.00000757	0
0	0	0	0	0.00009492	0.00028547	0.00030053	0.00083032	0.0045614	0.01157256	0.02587163	0.05392135	0.07923755	0.10920354	0.14507587	0.15661906	0.13477121	0.11335615	0.07433542	0.04681813	0.02440027	0.01055082	0.00522513	0.00193119	0.00084908	0.00010681	0.00008158	0	0	0
0	0	0	0	0.00003414	0.00011655	0.00016764	0.00534564	0.01369091	0.02834904	0.04720723	0.06611386	0.07830826	0.08755411	0.10750566	0.12292491	0.12168692	0.11110283	0.08797148	0.06504936	0.0378006	0.01564228	0.00288331	0.00054527	0	0	0	0	0	0
0	0	0	0	0	0.00004263	0.00112359	0.00373145	0.00849603	0.02037416	0.03186843	0.05595914	0.07642929	0.10618548	0.12679513	0.14671623	0.13123226	0.11474946	0.08100882	0.04836244	0.02783131	0.01120167	0.00384802	0.00238405	0.00119247	0.00031196	0.00015598	0	0	0
0	0	0	0.00001693	0.00062993	0.0011568	0.0019055	0.00425367	0.0083223	0.0193293	0.03591503	0.05210979	0.07146347	0.08518415	0.10558652	0.12214128	0.12456695	0.11630316	0.09306468	0.07136512	0.04236164	0.02502773	0.01276618	0.00490127	0.00130721	0.0003029	0.00001851	0	0	0
0	0	0.00003634	0.00002579	0.0001499	0.00029068	0.0024777	0.00762743	0.0142155	0.02597817	0.0399477	0.0554592	0.07632065	0.09553712	0.11979386	0.1169942	0.11086288	0.08997223	0.07217222	0.05923567	0.04746299	0.03216738	0.01906529	0.01048373	0.00294832	0.00074449	0.00003056	0	0	0
0	0	0	0	0.00005468	0.00008606	0.00065314	0.00071004	0.00367376	0.00691419	0.01811289	0.04585715	0.07484939	0.1229135	0.1526858	0.15260136	0.11624961	0.08636865	0.07348496	0.05804738	0.04181198	0.02213207	0.01189601	0.00695372	0.00255267	0.00100299	0.00022445	0.0001425	0.00002106	0
0.00004524	0.0000673	0.00003575	0.00012023	0.00025228	0.00068603	0.00183283	0.00328673	0.00691051	0.01552503	0.02710522	0.0417022	0.07688037	0.11561941	0.15664663	0.16038364	0.13110034	0.10018598	0.06549674	0.0460871	0.02680219	0.0131443	0.00571428	0.00237646	0.00064977	0.00058893	0.00023392	0.00015088	0.0001924	0.00004152
0.0000689	0.00007947	0.00007907	0.00018305	0.00088504	0.0010333	0.00250572	0.00615712	0.012659	0.02159639	0.03411586	0.04730266	0.06537356	0.08954097	0.10775096	0.13225976	0.13369274	0.12127185	0.08983437	0.06149914	0.0364037	0.01722195	0.00996513	0.00419976	0.00225076	0.00133671	0.0004306	0	0.00015124	0.00007562
0.00011976	0.00020245	0.00015342	0.00032259	0.00073172	0.00218845	0.00365038	0.00862929	0.00641484	0.01191158	0.01972885	0.02904185	0.04175793	0.06563324	0.10121019	0.11670773	0.13579866	0.13523476	0.12837155	0.08785332	0.0562343	0.02576104	0.01400444	0.00522501	0.0027649	0.00030615	0.00001529	0.00002631	0	0
0	0.00047568	0.00053776	0.0002648	0.00053525	0.00147498	0.00081518	0.00244705	0.00648065	0.01205523	0.01752261	0.03611624	0.06133164	0.08904809	0.12334013	0.12091316	0.13472882	0.12728649	0.11581551	0.07164469	0.04225768	0.02112216	0.0086504	0.00266604	0.00129242	0.00076419	0.00020656	0	0.00020656	0
0.00E+00	0	0	0.00006459	0.00003393	0.00014545	0.00063858	0.00232426	0.00401377	0.00848601	0.01188796	0.01995475	0.04022898	0.04808357	0.08694111	0.12295915	0.17139318	0.15865257	0.13269072	0.0918466	0.05553962	0.02442264	0.01133507	0.00595411	0.00231861	8.48E-05	0	0	0	0
0	0	0	0	0.00024539	0.00073703	0.00069223	0.00341881	0.00692175	0.00994931	0.0174155	0.02959938	0.04572951	0.06650554	0.09881144	0.13023671	0.14828228	0.1391407	0.11917632	0.09107848	0.05428733	0.02521939	0.00875723	0.00276051	0.00076134	0.0002738	0	0	0	0
0	0	0	0.00003288	0.00027321	0.00011004	0.00136305	0.00256246	0.00384144	0.00510231	0.01466232	0.02222292	0.03446706	0.05222327	0.08077987	0.10506097	0.13387252	0.12495323	0.12336628	0.1069223	0.08491396	0.05732223	0.03071815	0.01204222	0.00302687	0.00016044	0	0	0	0
0	0	0.00012187	0	0.00056678	0.00147375	0.0024588	0.00432999	0.00624305	0.00913153	0.01368257	0.02242568	0.02869514	0.04926055	0.07210398	0.11367612	0.14037711	0.14969795	0.13573034	0.10454517	0.07033503	0.04000168	0.02276852	0.00811439	0.00288422	0.00043354	0.00022185	0.00038802	0.00016617	0.00016617
0	0	0	0	0.00005931	0.00047626	0.00117379	0.00209247	0.00354378	0.01243914	0.02021517	0.02582677	0.04792094	0.06104885	0.06138185	0.09541452	0.10787791	0.12022313	0.14784714	0.11972063	0.0841485	5.12E-02	0.02237063	0.01010284	0.00396973	0.0005365	0.00016494	0	0.00012102	0.00007884
0	0	0	0	0	0.00024085	0.00094306	0.00298579	0.00532827	0.010625	0.02098721	0.03377342	0.05435965	0.08274989	0.10124765	0.10797542	0.13459618	0.13191703	0.11594789	0.09965005	0.05315788	0.0281374	0.01090282	0.00284638	0.00127007	0.00035743	0	0	0	0
0	0	0.00039625	0	0	0	0	0	0.00040011	0.00186976	0.00434789	0.0129788	0.02518283	0.04287784	0.05717707	0.10037911	0.14078365	0.14303968	0.15123416	0.11349638	0.09635585	0.05501688	0.03293506	0.01464915	0.00627546	0.00058268	0	0	0	0
0	0	0	0	0	0	0	0	0	0	0	0	0.00227469	0.01631145	0.02344489	0.06296865	0.08404607	0.1298982	0.21118132	0.222002	0.16162477	0.05594442	0.02424542	0.00382184	0.00144766	7.24E-04	0	0	0	0
0	0	0	0	0	0.00042122	0.00111252	0.00274667	0.00324935	0.00235557	0.00188954	0.00486387	0.00888482	0.02087393	0.0502942	0.07637059	0.11463211	0.16530126	0.18700295	0.16730191	0.10288649	0.05281848	0.02411525	0.00926368	0.00219468	0.00071063	0.00057126	0.00011926	0	0
0	0	0	0	0.00007908	0.00019276	0.00038711	0.00104533	0.00154385	0.00206858	0.00353812	0.0076337	0.0223611	0.03681929	0.06308885	0.12366204	0.17984219	0.20136535	0.15830951	0.09644066	0.05705666	0.02563008	0.01278736	0.00377946	0.00186619	0.00024913	0.00022703	0.00002261	0	0
0	0	0	0	0	0.0008989	0	0	0	0.00045848	0.00117273	0.00817279	0.01472522	0.02818035	0.13291572	0.23854725	0.220366	0.20462003	0.08427093	0.03891435	0.02120997	0.0046371	0.00091017	0	0	0	0	0	0	0
0.0000	0.0001	0.0019	0.0016	0.0063	0.0049	0.0114	0.0100	0.0116	0.0156	0.0207	0.0334	0.0473	0.0819	0.1191	0.1602	0.1545	0.1275	0.0969	0.0576	0.0270	0.0091	0.0013	0.0003	0.0000	0.0000	0.0000	0.0000	0.0000	0.0000
0	0	0	0.00002302	0.00042596	0.00264699	0.00523506	0.00965095	0.00809378	0.00761695	0.00977230	0.01009632	0.01297240	0.02166250	0.04640239	0.08150545	0.13827709	0.16217868	0.17356765	0.13626773	0.10085044	0.05349692	0.01497134	0.00280561	0.00111311	0.00033983	0	0	0	0
# Crucero Machos																												
0	0	0	0	0	0	0	0	0	0	0	0	0	0	0	0	0	0	0	0	0	0	0	0	0	0	0	0	0	0
0	0	0	0	0	0	0	0	0	0	0	0	0	0	0	0	0	0	0	0	0	0	0	0	0	0	0	0	0	0
0	0	0	0	0	0	0	0	0	0	0	0	0	0	0	0	0	0	0	0	0	0	0	0	0	0	0	0	0	0
0	0	0	0	0	0	0	0	0	0	0	0	0	0	0	0	0	0	0	0	0	0	0	0	0	0	0	0	0	0
0	0	0	0	0	0	0	0	0	0	0	0	0	0	0	0	0	0	0	0	0	0	0	0	0	0	0	0	0	0
0	0	0	0	0	0	0	0	0	0	0	0	0	0	0	0	0	0	0	0	0	0	0	0	0	0	0	0	0	0
0	0	0	0	0	0	0	0	0	0	0	0	0	0	0	0	0	0	0	0	0	0	0	0	0	0	0	0	0	0
0	0	0	0	0	0	0	0	0	0	0	0	0	0	0	0	0	0	0	0	0	0	0	0	0	0	0	0	0	0
0	0	0	0	0	0	0	0	0	0	0	0	0	0	0	0	0	0	0	0	0	0	0	0	0	0	0	0	0	0
0	0	0	0	0	0	0	0	0	0	0	0	0	0	0	0	0	0	0	0	0	0	0	0	0	0	0	0	0	0
0	0	0	0	0	0	0	0	0	0	0	0	0	0	0	0	0	0	0	0	0	0	0	0	0	0	0	0	0	0
0	0	0	0	0	0	0	0	0	0	0	0	0	0	0	0	0	0	0	0	0	0	0	0	0	0	0	0	0	0
0	0	0	0	0	0	0	0	0	0	0	0	0	0	0	0	0	0	0	0	0	0	0	0	0	0	0	0	0	0
0	0	0	0	0	0	0	0	0	0	0	0	0	0	0	0	0	0	0	0	0	0	0	0	0	0	0	0	0	0
0	0	0	0	0	0	0	0	0	0	0	0	0	0	0	0	0	0	0	0	0	0	0	0	0	0	0	0	0	0
0	0	0	0	0	0	0	0	0	0	0	0	0	0	0	0	0	0	0	0	0	0	0	0	0	0	0	0	0	0
0.00E+00	0	0	0	0	0	0	0	0	0	0	0	0	0	0	0	0	0	0	0	0	0	0	0	0	0	0	0	0	0
0	0	0	0	0	0	0	0	0	0	0	0	0	0	0	0	0	0	0	0	0	0	0	0	0	0	0	0	0	0
0	0	0	0	0	0	0	0	0	0	0	0	0	0	0	0	0	0	0	0	0	0	0	0	0	0	0	0	0	0
0	0	0	0	0	0	0	0	0	0	0	0	0	0	0	0	0	0	0	0	0	0	0	0	0	0	0	0	0	0
0	0	0	0	0	0	0	0	0	0	0	0	0	0	0	0	0	0	0	0	0	0	0	0	0	0	0	0	0	0
0	0	0	0	0	0	0	0	0	0	0	0	0	0	0	0	0	0	0	0	0	0	0	0	0	0	0	0	0	0
0	0	0	0	0	0	0	0	0	0	0	0	0	0	0	0	0	0	0	0	0	0	0	0	0	0	0	0	0	0
0	0	0	0	0	0	0	0	0	0	0	0	0	0	0	0	0	0	0	0	0	0	0	0	0	0	0	0	0	0
0	0	0	0	0	0	0	0	0	0	0	0	0	0	0	0	0	0	0	0	0	0	0	0	0	0	0	0	0	0
0	0	0	0	0	0	0	0	0	0	0	0	0	0	0	0	0	0	0	0	0	0	0	0	0	0	0	0	0	0
0	0	0	0	0	0	0	0	0	0	0	0	0	0	0	0	0	0	0	0	0	0	0	0	0	0	0	0	0	0
0	0	0	0	0	0	0	0	0	0	0	0	0	0	0	0	0	0	0	0	0	0	0	0	0	0	0	0	0	0
0	0	0	0	0	0	0	0	0	0	0	0	0	0	0	0	0	0	0	0	0	0	0	0	0	0	0	0	0	0
0	0	0	0	0	0	0	0	0	0	0	0	0	0	0	0	0	0	0	0	0	0	0	0	0	0	0	0	0	0
0	0	0	0	0	0	0	0	0	0	0	0	0	0	0	0	0	0	0	0	0	0	0	0	0	0	0	0	0	0
0	0	0	0	0	0	0	0	0	0	0	0	0	0	0	0	0	0	0	0	0	0	0	0	0	0	0	0	0	0
0	0	0	0	0	0	0	0	0	0	0	0	0	0	0	0	0	0	0	0	0	0	0	0	0	0	0	0	0	0
0.00E+00	0	0	0	0	0	0	0	0	0	0	0	0	0	0	0	0	0	0	0	0	0	0	0	0	0	0	0	0	0
0	0	0	0	0	0	0	0	0	0	0	0	0	0	0	0	0	0	0	0	0	0	0	0	0	0	0	0	0	0.00E+00
0	0	0	0	0	0	0	0	0	0	0	0	0	0	0	0	0	0	0	0	0	0	0	0	0	0	0	0	0	0
0	0	0	0	0	0	0	0	0	0	0	0	0	0	0	0	0	0	0	0	0	0	0	0	0	0	0	0	0	0
0	0	0	0	0	0	0	0	0	0	0	0	0	0	0	0	0	0	0	0	0	0	0	0	0	0	0	0	0	0
0.000143534	0	0.002153007	0.003444811	0.006889623	0.006459021	0.006602555	0.007750825	0.016649921	0.035739917	0.073058705	0.094445242	0.104779676	0.112243433	0.096598249	0.072628104	0.067173819	0.049949763	0.030859767	0.031146835	0.025979618	0.02454428	0.027989091	0.021960672	0.014927515	0.014783982	0.013635711	0.009903832	0.005454284	0.004449548
0	0	0	0	0	0	0	0	0	0	0	0	0	0	0	0	0	0	0	0	0	0	0	0	0	0	0	0	0	0
0	0	0.000746269	0.003731343	0.010074627	0.010820896	0.013432836	0.026119403	0.058955224	0.085820896	0.100746269	0.106716418	0.094776119	0.089925373	0.117537313	0.114179104	0.090671642	0.043283582	0.021268657	0.008955224	0.000746269	0.000746269	0	0.000373134	0	0.000373134	0	0	0	0
0	0	0	0	0	0	0	0	0	0	0	0	0	0	0	0	0	0	0	0	0	0	0	0	0	0	0	0	0	0
0	0	0	0	0	0	0	0	0	0	0	0	0	0	0	0	0	0	0	0	0	0	0	0	0	0	0	0	0	0
0	0	0	0	0	0	0	0	0	0	0	0	0	0	0	0	0	0	0	0	0	0	0	0	0	0	0	0	0	0
0	0	0	0	0	0	0	0	0	0	0	0	0	0	0	0	0	0	0	0	0	0	0	0	0	0	0	0	0	0
0	0	0	0	0	0	0	0	0	0	0	0	0	0	0	0	0	0	0	0	0	0	0	0	0	0	0	0	0	0
0	0	0	0	0	0	0	0	0	0	0	0	0	0	0	0	0	0	0	0	0	0	0	0	0	0	0	0	0	0
0	0	0.000223647	0.000820039	0.001043686	0.001863724	0.004547488	0.005963918	0.012673326	0.020500969	0.034367079	0.074027136	0.090800656	0.120322052	0.145370508	0.128671537	0.162964067	0.095869987	0.060533771	0.025197555	0.009393171	0.003205606	0.00074549	0.000223647	0.000223647	0	7.45E-05	0.000149098	0	0.000149098
0	0	0	0	0.00037831	0.00037831	0.002774275	0.006179067	0.013240858	0.021815889	0.038461538	0.062925599	0.097730139	0.126103405	0.142496847	0.15813367	0.145901639	0.09445145	0.048928121	0.020302648	0.008575032	0.002017654	0.000882724	0.001008827	0.00037831	0.000630517	0.001261034	0.001134931	0.000882724	0.001134931
0	0	0	0	0	0	0	0	0	0	0	0	0	0	0	0	0	0	0	0	0	0	0	0	0	0	0	0	0	0
0	0	0	0	0.000155135	0.00031027	0.00217189	0.006515669	0.008997828	0.019857276	0.027924294	0.053056159	0.080825318	0.119764195	0.132950667	0.145516599	0.137604716	0.110145827	0.082686938	0.048557245	0.015978902	0.004809184	0.002016755	0.000155135	0	0	0	0	0	0
0	0	0	0	0.000154645	0	0.000851373	0.003928188	0.009104656	0.020095859	0.042617642	0.072789759	0.094365038	0.122079069	0.158786244	0.155551327	0.129247885	0.098317272	0.054824211	0.025791867	0.008805436	0.001888049	7.03E-05	0.000137212	0.000233545	0	0	0	0.000180194	0
0	0	0	0	0	0	0.000324359	0.001135258	0.002108336	0.006973727	0.022380798	0.051735323	0.100227052	0.14352903	0.166396367	0.158611742	0.134771327	0.097956536	0.058222511	0.031300681	0.017677587	0.004541031	0.001783977	0.000324359	0	0	0	0	0	0
0	0	0	0	0.000183824	0.000367647	0.001470588	0.000919118	0.002022059	0.004227941	0.008639706	0.017647059	0.039889706	0.088786765	0.159375	0.190808824	0.174264706	0.136764706	0.081801471	0.046139706	0.023345588	0.011029412	0.007169118	0.003125	0.001286765	0.000367647	0.000367647	0	0	0
0	0	0	0	0	0.000195541	0.000350563	0.001753244	0.002187432	0.006194887	0.009795008	0.018577369	0.029262431	0.041311387	0.055428964	0.072483787	0.112829815	0.159848313	0.170862309	0.140423629	0.097629705	0.050504048	0.020406641	0.007003733	0.002228265	0.000652997	6.99E-05	0	0	0
0	0	0	0	0	0.000243686	0.000779797	0.002692736	0.006287111	0.015742147	0.028023946	0.049127196	0.070141094	0.098364051	0.147186639	0.171494367	0.170962318	0.120405494	0.071302667	0.030505487	0.012306168	0.003651236	0.000649831	0.000134028	0	0	0	0	0	0
0	0	0	0	0.000442527	0.001216949	0.003761478	0.007412324	0.012390751	0.021462551	0.035180883	0.052328797	0.084190729	0.13286868	0.144927536	0.155437548	0.143931851	0.09724527	0.063723863	0.0272154	0.010731276	0.004093373	0.000995685	0.000331895	0.000110632	0	0	0	0	0
0	0	0	0	0	0.000253258	0.001152272	0.002760625	0.008570099	0.017988311	0.036476951	0.068064791	0.105970788	0.121114777	0.144658838	0.135496205	0.147691287	0.085218448	0.066902	0.038216962	0.014679552	0.002913168	0.001507174	0.000364494	0	0	0	0	0	0
0	0	0.000169176	0	0.000507528	0.001353409	0.002030113	0.004567755	0.013026561	0.020639486	0.039079682	0.059888344	0.085772289	0.11182541	0.124851971	0.149044155	0.138893588	0.112332939	0.070038911	0.0417865	0.017255963	0.003721874	0.001691761	0.000338352	0.000338352	0.000338352	0.000169176	0.000169176	0.000169176	0
0	0	0	0	0	0	0	0	0	0	0	0	0	0	0	0	0	0	0	0	0	0	0	0	0	0	0	0	0	0
# Crucero Hembras																												
0	0	0	0	0	0	0	0	0	0	0	0	0	0	0	0	0	0	0	0	0	0	0	0	0	0	0	0	0	0
0	0	0	0	0	0	0	0	0	0	0	0	0	0	0	0	0	0	0	0	0	0	0	0	0	0	0	0	0	0
0	0	0	0	0	0	0	0	0	0	0	0	0	0	0	0	0	0	0	0	0	0	0	0	0	0	0	0	0	0
0	0	0	0	0	0	0	0	0	0	0	0	0	0	0	0	0	0	0	0	0	0	0	0	0	0	0	0	0	0
0	0	0	0	0	0	0	0	0	0	0	0	0	0	0	0	0	0	0	0	0	0	0	0	0	0	0	0	0	0
0	0	0	0	0	0	0	0	0	0	0	0	0	0	0	0	0	0	0	0	0	0	0	0	0	0	0	0	0	0
0	0	0	0	0	0	0	0	0	0	0	0	0	0	0	0	0	0	0	0	0	0	0	0	0	0	0	0	0	0
0	0	0	0	0	0	0	0	0	0	0	0	0	0	0	0	0	0	0	0	0	0	0	0	0	0	0	0	0	0
0	0	0	0	0	0	0	0	0	0	0	0	0	0	0	0	0	0	0	0	0	0	0	0	0	0	0	0	0	0
0	0	0	0	0	0	0	0	0	0	0	0	0	0	0	0	0	0	0	0	0	0	0	0	0	0	0	0	0	0
0	0	0	0	0	0	0	0	0	0	0	0	0	0	0	0	0	0	0	0	0	0	0	0	0	0	0	0	0	0
0	0	0	0	0	0	0	0	0	0	0	0	0	0	0	0	0	0	0	0	0	0	0	0	0	0	0	0	0	0
0	0	0	0	0	0	0	0	0	0	0	0	0	0	0	0	0	0	0	0	0	0	0	0	0	0	0	0	0	0
0	0	0	0	0	0	0	0	0	0	0	0	0	0	0	0	0	0	0	0	0	0	0	0	0	0	0	0	0	0
0	0	0	0	0	0	0	0	0	0	0	0	0	0	0	0	0	0	0	0	0	0	0	0	0	0	0	0	0	0
0	0	0	0	0	0	0	0	0	0	0	0	0	0	0	0	0	0	0	0	0	0	0	0	0	0	0	0	0	0
0.00E+00	0	0	0	0	0	0	0	0	0	0	0	0	0	0	0	0	0	0	0	0	0	0	0	0	0	0	0	0	0
0	0	0	0	0	0	0	0	0	0	0	0	0	0	0	0	0	0	0	0	0	0	0	0	0	0	0	0	0	0
0	0	0	0	0	0	0	0	0	0	0	0	0	0	0	0	0	0	0	0	0	0	0	0	0	0	0	0	0	0
0	0	0	0	0	0	0	0	0	0	0	0	0	0	0	0	0	0	0	0	0	0	0	0	0	0	0	0	0	0
0	0	0	0	0	0	0	0	0	0	0	0	0	0	0	0	0	0	0	0	0	0	0	0	0	0	0	0	0	0
0	0	0	0	0	0	0	0	0	0	0	0	0	0	0	0	0	0	0	0	0	0	0	0	0	0	0	0	0	0
0	0	0	0	0	0	0	0	0	0	0	0	0	0	0	0	0	0	0	0	0	0	0	0	0	0	0	0	0	0
0	0	0	0	0	0	0	0	0	0	0	0	0	0	0	0	0	0	0	0	0	0	0	0	0	0	0	0	0	0
0	0	0	0	0	0	0	0	0	0	0	0	0	0	0	0	0	0	0	0	0	0	0	0	0	0	0	0	0	0
0	0	0	0	0	0	0	0	0	0	0	0	0	0	0	0	0	0	0	0	0	0	0	0	0	0	0	0	0	0
0	0	0	0	0	0	0	0	0	0	0	0	0	0	0	0	0	0	0	0	0	0	0	0	0	0	0	0	0	0
0	0	0	0	0	0	0	0	0	0	0	0	0	0	0	0	0	0	0	0	0	0	0	0	0	0	0	0	0	0
0	0	0	0	0	0	0	0	0	0	0	0	0	0	0	0	0	0	0	0	0	0	0	0	0	0	0	0	0	0
0	0	0	0	0	0	0	0	0	0	0	0	0	0	0	0	0	0	0	0	0	0	0	0	0	0	0	0	0	0
0	0	0	0	0	0	0	0	0	0	0	0	0	0	0	0	0	0	0	0	0	0	0	0	0	0	0	0	0	0
0	0	0	0	0	0	0	0	0	0	0	0	0	0	0	0	0	0	0	0	0	0	0	0	0	0	0	0	0	0
0	0	0	0	0	0	0	0	0	0	0	0	0	0	0	0	0	0	0	0	0	0	0	0	0	0	0	0	0	0
0.00E+00	0	0	0	0	0	0	0	0	0	0	0	0	0	0	0	0	0	0	0	0	0	0	0	0	0	0	0	0	0
0	0	0	0	0	0	0	0	0	0	0	0	0	0	0	0	0	0	0	0	0	0	0	0	0	0	0	0	0.00E+00	0.00E+00
0	0	0	0	0	0	0	0	0	0	0	0	0	0	0	0	0	0	0	0	0	0	0	0	0	0	0	0	0	0
0	0	0	0	0	0	0	0	0	0	0	0	0	0	0	0	0	0	0	0	0	0	0	0	0	0	0	0	0	0
0	0	0	0	0	0	0	0	0	0	0	0	0	0	0	0	0	0	0	0	0	0	0	0	0	0	0	0	0	0
0	0	0	0.000292369	0.001266933	0.001851671	0.003216061	0.005555014	0.008965988	0.018224345	0.036935971	0.05827892	0.091414092	0.105837638	0.117045122	0.094337784	0.086931098	0.075528701	0.062177176	0.057596725	0.046779066	0.037520709	0.029821655	0.01861417	0.015982848	0.010622746	0.007601598	0.003703343	0.001754215	0.001266933
0	0	0	0	0	0	0	0	0	0	0	0	0	0	0	0	0	0	0	0	0	0	0	0	0	0	0	0	0	0
0	0	0.001139138	0.003091945	0.007160293	0.008950366	0.008624898	0.013018714	0.019365338	0.032384052	0.043124491	0.055655004	0.063466233	0.068510985	0.073393002	0.100244101	0.123026851	0.122701383	0.090968267	0.06086249	0.038567941	0.025711961	0.018877136	0.010089504	0.006834825	0.002766477	0.001139138	0.000325468	0	0
0	0	0	0	0	0	0	0	0	0	0	0	0	0	0	0	0	0	0	0	0	0	0	0	0	0	0	0	0	0
0	0	0	0	0	0	0	0	0	0	0	0	0	0	0	0	0	0	0	0	0	0	0	0	0	0	0	0	0	0
0	0	0	0	0	0	0	0	0	0	0	0	0	0	0	0	0	0	0	0	0	0	0	0	0	0	0	0	0	0
0	0	0	0	0	0	0	0	0	0	0	0	0	0	0	0	0	0	0	0	0	0	0	0	0	0	0	0	0	0
0	0	0	0	0	0	0	0	0	0	0	0	0	0	0	0	0	0	0	0	0	0	0	0	0	0	0	0	0	0
0	0	0	0	0	0	0	0	0	0	0	0	0	0	0	0	0	0	0	0	0	0	0	0	0	0	0	0	0	0
1.27E-04	0	6.34E-05	0.000761276	0.001015035	0.001141915	0.002537588	0.004440779	0.00628053	0.011482586	0.016684641	0.035399353	0.04669162	0.070418068	0.087102709	0.092114445	0.121994544	0.110321639	0.112542029	0.094207955	0.064391296	0.071623422	0.026264036	0.014337372	0.005328935	1.90E-03	5.71E-04	0.000126879	6.34E-05	0
0	0	0	0.000194288	0.000194288	0.00097144	0.002331455	0.006702934	0.011657276	0.013600155	0.021274529	0.026908879	0.042646202	0.069166505	0.082960948	0.102486886	0.131824364	0.147075967	0.117349913	0.088983874	0.070623664	0.037886147	0.017777346	0.005051486	0.001554303	0.000388576	0.000194288	0	0	0
0	0	0	0	0	0	0	0	0	0	0	0	0	0	0	0	0	0	0	0	0	0	0	0	0	0	0	0	0	0
0	0	0.000248416	0.000248416	0.000745249	0.001490498	0.003477829	0.005589368	0.009936654	0.015153397	0.021239598	0.023599553	0.03328779	0.058005217	0.085331015	0.129921749	0.138864737	0.134765868	0.111911564	0.085206807	0.063718793	0.041982362	0.020121724	0.010309278	0.003477829	0.000621041	0.000124208	0.000248416	0.000248416	0
0	0	0	0	0.000121152	0.000557841	0.001612065	0.003318438	0.00996638	0.01603988	0.026059478	0.037830541	0.050012863	0.069453361	0.087531988	0.119185538	0.142162053	0.130887842	0.108231103	0.083496292	0.059106689	3.25E-02	1.56E-02	0.004045586	0.001483495	0.000196387	0.000374053	0.000174134	0	5.49E-05
0	0	0	0	0.000143184	0	0	0.000572738	0.000859107	0.005297824	0.012886598	0.0284937	0.048109966	0.075744559	0.109392898	0.127147766	0.123568156	0.129581901	0.114404353	0.092067583	0.061282932	0.038373425	0.020475372	0.008591065	0.002004582	0.000572738	0.000286369	0.000143184	0	0
0	0	0	0	0	0.000426743	0.001422475	0.001564723	0.002133713	0.00284495	0.005547653	0.010526316	0.025320057	0.048079659	0.09658606	0.149359886	0.153627312	0.149359886	0.113655761	0.089331437	0.06230441	0.03769559	0.025746799	0.012375533	0.006827881	0.003698435	0.00113798	0.000426743	0	0
0	0	0	0	0	0.00008	0.00004	0.00038	0.00046	0.00352	0.00727	0.01851	0.03805	0.06818	0.11133	0.14173	0.16273	0.15177	0.11943	0.07168	0.05176	0.02873	0.01496	0.00676	0.00223	2.90E-04	1.10E-04	0	0	0
0	0	0	0	0	5.92E-05	0.000126338	0.001006759	0.001918764	0.005025899	0.010975648	0.016499005	0.029357885	0.052848931	0.093995768	0.128312435	0.154180222	0.150303212	0.130223303	0.106594075	0.061589969	0.032311045	0.017182022	0.005993178	0.001073876	0.000138183	0.000284261	0	0	0
0	0	0	8.74E-05	0.000262123	0.000524246	0.002446483	0.004543469	0.006989952	0.012145042	0.017824377	0.025163827	0.040192224	0.065530799	0.097684578	0.116732197	0.128877239	0.135430319	0.130362604	0.106509393	0.0617737	0.030056793	0.0109218	0.004193971	0.000961118	0.000436872	0.000174749	8.74E-05	8.74E-05	0
0	0	0	0	0	9.01E-05	0.000313171	0.002157293	0.003626904	0.009656231	0.020625899	0.039415667	0.064093043	0.080461114	0.112390182	0.105620056	0.155609844	0.127316376	0.10582864	0.074467863	0.054421182	0.027721653	0.010566718	0.004281918	0.000937514	0.000356533	0	4.21E-05	0	0
0	0	0	0.000208442	0.000937989	0.002397082	0.003751954	0.005419489	0.009588327	0.014590933	0.01980198	0.028243877	0.042209484	0.064512767	0.086607608	0.100990099	0.11974987	0.126107348	0.117978114	0.099322564	0.076810839	0.043668577	0.021886399	0.009588327	0.002918187	0.001042209	0.000416884	0.000625326	0.000104221	0.000521105
0	0	0	0	0	0	0	0	0	0	0	0	0	0	0	0	0	0	0	0	0	0	0	0	0	0	0	0	0	0
# Madurez Sexual																													
2.03991E-05	4.44545E-05	9.68742E-05	0.000211093	0.000459919	0.001001755	0.00218054	0.004739844	0.010272086	0.022117941	0.046976146	0.097001014	0.189693955	0.337825416	0.526475215	0.707857271	0.840774225	0.920048045	0.961653834	0.982031444	0.991673907	0.996162159	0.998235285	0.999189461	0.999627909	0.999829226	0.999921631	0.999964038	0.999983498	0.999992428
# Pesos_m																													
0.50117278 	0.64898226 	0.82245674 	1.02346099 	1.25383618 	1.51540187 	1.80995776 	2.13928514 	2.50514823 	2.90929524 	3.35345942 	3.83935996 	4.36870271 	4.94318100 	5.56447619 	6.23425830 	6.95418657 	7.72590989 	8.55106731 	9.43128841 	10.36819372 	11.36339504 	12.41849580 	13.53509135 	14.71476925 	15.95910955 	17.26968503 	18.64806145 	20.09579774 	21.61444627
# Pesos_h																													
0.41960934 	0.55673639 	0.72145287 	0.91642953 	1.14436044 	1.40796138 	1.70996851 	2.05313723 	2.44024109 	2.87407086 	3.35743375 	3.89315258 	4.48406515 	5.13302359 	5.84289382 	6.61655498 	7.45689899 	8.36683009 	9.34926439 	10.40712953 	11.54336432 	12.76091834 	14.06275170 	15.45183469 	16.93114753 	18.50368008 	20.17243161 	21.94041057 	23.81063432 	25.78612897


# CONTROLES DEL MODELO CAMARON NORTE

# Coeficiente de variación de los desvios Rt, No y prop_machos en el Reclutamiento
#_________________________________________________________________________________
#  cv_Rt     cv_No     cv_Rm
   0.6        0.6      0.2

#  dt desove   dt CPUE	 dt_crucero	
   0.67         0.5        0.5

# PARAMETROS DE CRECIMIENTO Y MORTALIDAD NATURAL Y CV (prior)
#_________________________________________________________________________________

#Loo,   k,        Lt(a=1)    cv(edad)     M
40.7    0.19      12.3      0.1         0.36    #machos
48.3    0.17      11.2      0.1         0.36    #hembras 
0.1     0.1        0.1       0.1         0.1     #cv prior si son estimados


# Stepness h
1


# q_crucero y cv
1.0   0.1


# Selectividad flota (valores de partida)
# proxy A50 (tallas), s1 y s2  machos
23    3    50

# proxy A50 (tallas), s1 y s2  hembras
23     3    50


# Penalizador modelo logistico/domo (ej. 0.1= domo, 100=logistico)
#0.50
100
#########################################################################
# Número de bloques de selectividad FLOTA y años de inicio

#2
#1978 1993 

#3
#1961 1978 2008

1
1961

#########################################################################
# Número de bloques de selectividad CRUCEROS y años de inicio
1
1961 

#########################################################################
# Número de bloques de capturabilidad CPUE y años de inicio (qf)
#3
#1978 2008 2011
1
1961
#########################################################################

# Número de bloques de capturabilidad crucero y años de inicio (qc)
2
1961 2004
#########################################################################

#_________________________________________________________________
# FASES DE ESTIMACION 

# Fase de estimacion de capturabilidad flota & crucero
5 4
# Fase estimación de la selectividad flota & crucero (nota: si la selec. crucero no se estima, se asume = 1)
6  
# Fase de estimacion de Lo & cv & M
-4  4 -4
# Fase de estimacion mortalidad por pesca
3 
# Fase de estimacion dev_Rt y dev_No (dev_No<0 equilibrio)
2  2
# Fase de estimacion proporcion de machos en el Reclutamiento (pRm)
-6
# Fase de estimacion Fpbr (se sugiere sea la ultima)
7


# CTP
#____________________________________________________
#numero de PBRs a calcular
5
 #100%            #30%    40%    45%     48% (tasas de BDPR) 
0.99999999   0.30    0.40   0.45    0.48	

# Años a simular en el futuro
20

# Opción para simular o estimar (0=simula, 1=estima)
#____________________________________________________
1
