# Number of parameters = 148 Objective function value = 10639.4716455509  Maximum gradient component = 5.41875784586977e-05
# log_A50flom:
 1.29813397893861
# log_sdA50flom:
 0.557978610151519
# log_A50floh:
 1.50093640528587
# log_sdA50floh:
 0.0904055548797576
# log_A50cruh:
 1.17217980324003 1.39767081907677
# log_sdA50cruh:
 -0.478852083060403 -0.109587535695350
# log_A50crum:
 1.62538216743627 1.24459190728561
# log_sdA50crum:
 1.04398429590283 0.796963633556320
# log_Ro:
4.92560830112
# log_propmR:
-0.693140000000
# log_dev_Ro:
 -0.373432080001 0.196262022991 0.543847518153 0.221429257808 0.0287854468724 0.425393127435 0.462349917132 0.530546653846 0.0215273032017 0.113691737085 0.00503152373004 0.171537536024 0.0701144620451 0.0777873162116 0.0267071674312 0.264951316061 0.327222758317 0.614155325738 0.317078114818 0.522637818151 0.240138125004 0.292441331427 0.139968417155 -0.289594145358 0.626270216192 0.0398342414281 -0.681559391514 -1.02422966730 -0.779753588687 -1.11172504782 -0.996832589981 -0.811229282040 -0.209047643969 -0.00230521758389
# log_dev_Nom:
 0.279489972124 -0.816346885409 -0.550108796662 -0.226436584238 -0.274252226059 0.330512389828 0.514635959953 0.200201805265 0.0544477830417 0.00421324909290 -0.000715146008671
# log_dev_Noh:
 -0.358294876121 0.703723071250 0.515195316840 -0.333727384448 -0.0484565102846 -0.271583760301 -0.0329111260370 0.133754928286 0.0762435549483 0.0203300591293 0.00170646280086
# log_Fm:
 -0.751383704708 -0.448949811739 -0.788900176392 -0.200000001955 -0.693243299766 -1.25632624287 -0.810091309076 -1.94344497482 -2.05715371032 -2.24362261694 -1.66118550562 -1.13419691432 -1.23318276630 -0.970087522805 -0.365654104581 -0.200000001158 -0.315913360057 -1.64758869226 -0.806675280324 -1.48795820979 -1.08198995605 -1.38749600040 -2.08538530902 -1.85302941473 -1.95361542195 -2.25355949933 -2.36872552446 -1.74894637364 -2.81506372990 -2.23564537406 -1.81785933515 -1.28618876323 -1.73037055320 -1.37810781769
# log_Fh:
 -0.200000002761 -0.200000004091 -0.933113042789 -0.200000014973 -0.379271172907 -0.621735948645 -0.200000031651 -1.45960240631 -1.54245310143 -1.62459825783 -0.952676788328 -0.741194573543 -1.82352863426 -1.21554349649 -0.200000004249 -0.661320981683 -0.226070694311 -1.64838584676 -0.473965290714 -1.29106545043 -0.681304031809 -1.34757715027 -1.84267218737 -1.98827484704 -2.08199403851 -2.23552188650 -1.73308682769 -2.67101071940 -2.50459993697 -2.52102929486 -1.98727361289 -1.70164406401 -2.08198150757 -2.19603295783
# log_qflo:
 -8.64224829540
# log_qcru:
 0.512538109284 0.273871548609
# log_Lom:
2.98683024805
# log_cv_edadm:
-2.67562907332
# log_Loh:
2.29687872473
# log_cv_edadh:
-2.71476557696
# log_Mh:
-1.20397280433
# log_Mm:
-1.20397280433
# log_Fref:
 -1.65603549796 -1.65996133291 -1.66192470279 -1.66388832657
