# Number of parameters = 148 Objective function value = 10639.4716455503  Maximum gradient component = 8.78361646956906e-05
# log_A50flom:
 1.29813402970144
# log_sdA50flom:
 0.557978653324921
# log_A50floh:
 1.50093640430191
# log_sdA50floh:
 0.0904055358071477
# log_A50cruh:
 1.17217980641166 1.39767081726422
# log_sdA50cruh:
 -0.478851890735476 -0.109587526947880
# log_A50crum:
 1.62538231227758 1.24459194774789
# log_sdA50crum:
 1.04398441919706 0.796963626475324
# log_Ro:
4.92560829071
# log_propmR:
-0.693140000000
# log_dev_Ro:
 -0.373433130489 0.196262806618 0.543847434347 0.221428979605 0.0287857183358 0.425393116915 0.462349963355 0.530546731270 0.0215272792743 0.113691745787 0.00503151175588 0.171537541850 0.0701145612864 0.0777873029933 0.0267071983950 0.264951317400 0.327222785156 0.614155372447 0.317078024555 0.522637897454 0.240138128780 0.292441313175 0.139968390120 -0.289594040577 0.626270106983 0.0398344341389 -0.681559613259 -1.02422963365 -0.779753588228 -1.11172502963 -0.996832625298 -0.811229225182 -0.209047614705 -0.00230516097534
# log_dev_Nom:
 0.279490059560 -0.816346646361 -0.550108780689 -0.226436474703 -0.274252255101 0.330512267375 0.514636066246 0.200201838775 0.0544478775138 0.00421327606722 -0.000715128768690
# log_dev_Noh:
 -0.358295127890 0.703723031056 0.515195343442 -0.333727507872 -0.0484565026464 -0.271583724334 -0.0329109830996 0.133754952100 0.0762435608876 0.0203300189351 0.00170642694296
# log_Fm:
 -0.751383714047 -0.448949897810 -0.788900208287 -0.200000001952 -0.693243274656 -1.25632622269 -0.810091241019 -1.94344491367 -2.05715363591 -2.24362255435 -1.66118541006 -1.13419682935 -1.23318272433 -0.970087440606 -0.365654001606 -0.200000001157 -0.315913258927 -1.64758859117 -0.806675185817 -1.48795813640 -1.08198986385 -1.38749592701 -2.08538523713 -1.85302930562 -1.95361534511 -2.25355942121 -2.36872546294 -1.74894628195 -2.81506363232 -2.23564530960 -1.81785926692 -1.28618868733 -1.73037050753 -1.37810774690
# log_Fh:
 -0.200000002755 -0.200000004104 -0.933113056653 -0.200000014838 -0.379270883747 -0.621735562996 -0.200000031623 -1.45960240954 -1.54245301028 -1.62459821659 -0.952676722793 -0.741194517630 -1.82352865241 -1.21554347603 -0.200000004245 -0.661321079457 -0.226070847711 -1.64838589134 -0.473965290835 -1.29106549502 -0.681304025452 -1.34757712381 -1.84267219361 -1.98827485279 -2.08199403562 -2.23552187582 -1.73308677810 -2.67101070490 -2.50459990144 -2.52102925000 -1.98727360620 -1.70164403120 -2.08198149337 -2.19603293530
# log_qflo:
 -8.64224825539
# log_qcru:
 0.512538202803 0.273871579487
# log_Lom:
2.98683022552
# log_cv_edadm:
-2.67562910289
# log_Loh:
2.29687872472
# log_cv_edadh:
-2.71476556580
# log_Mh:
-1.20397280433
# log_Mm:
-1.20397280433
# log_Fref:
 -1.65603550359 -1.65996135003 -1.66192469319 -1.66388832741
