# nyrs 
 41 

# nages 
 11 

# ntallas 
 43 

# Ind 
1979 382 0 0 0.5 0.1 0.15 0.3 0.05 115.89080695052 69.9794331062635 211.101454314397 60.2817130070166
1980 1478 0 0 0.5 0.1 0.15 0.3 0.05 115.89080695052 69.9794331062635 211.101454314397 60.2817130070166
1981 9066 0 0 0.5 0.1 0.15 0.3 0.05 115.89080695052 69.9794331062635 211.101454314397 60.2817130070166
1982 6042 0.608409 0 0.5 0.1 0.15 0.3 0.05 115.89080695052 69.9794331062635 211.101454314397 60.2817130070166
1983 5912 0.6206846 0 0.5 0.1 0.15 0.3 0.05 115.89080695052 69.9794331062635 211.101454314397 60.2817130070166
1984 1714 0 0 0.5 0.1 0.15 0.3 0.05 115.89080695052 69.9794331062635 211.101454314397 60.2817130070166
1985 2263 0.4388831 0 0.5 0.1 0.15 0.3 0.05 115.89080695052 69.9794331062635 211.101454314397 60.2817130070166
1986 2720 0.590594 0 0.5 0.1 0.15 0.3 0.05 115.89080695052 69.9794331062635 211.101454314397 60.2817130070166
1987 5001 0.5667584 0 0.5 0.1 0.15 0.3 0.05 115.89080695052 69.9794331062635 211.101454314397 60.2817130070166
1988 4152 0.3829457 0 0.5 0.1 0.15 0.3 0.05 115.89080695052 69.9794331062635 211.101454314397 60.2817130070166
1989 2506 0.489749 0 0.5 0.1 0.15 0.3 0.05 115.89080695052 69.9794331062635 211.101454314397 60.2817130070166
1990 4670 0.8079621 0 0.5 0.1 0.15 0.3 0.05 115.89080695052 69.9794331062635 211.101454314397 60.2817130070166
1991 4704 1.0454367 0 0.5 0.1 0.15 0.3 0.05 115.89080695052 69.9794331062635 211.101454314397 60.2817130070166
1992 2957 1.1016467 0 0.5 0.1 0.15 0.3 0.05 115.89080695052 69.9794331062635 211.101454314397 60.2817130070166
1993 1347 1.4540781 0 0.5 0.1 0.15 0.3 0.05 115.89080695052 69.9794331062635 211.101454314397 60.2817130070166
1994 3953 0.9487255 0 0.5 0.1 0.15 0.3 0.05 115.89080695052 69.9794331062635 211.101454314397 60.2817130070166
1995 3890 1.4656852 29000 0.5 0.1 0.15 0.3 0.05 115.89080695052 69.9794331062635 211.101454314397 60.2817130070166
1996 3713 0.9023203 0 0.5 0.1 0.15 0.3 0.05 115.89080695052 69.9794331062635 211.101454314397 60.2817130070166
1997 8569 1.3935468 27227 0.44 0.1 0.15 0.3 0.05 115.89080695052 69.9794331062635 211.101454314397 60.2817130070166
1998 6767 0.8559812 0 0.43 0.1 0.15 0.3 0.05 115.89080695052 69.9794331062635 211.101454314397 60.2817130070166
1999 3276 0.5259313 2531 0.26 0.1 0.15 0.3 0.05 115.89080695052 69.9794331062635 211.101454314397 60.2817130070166
2000 1237 0.3752515 3731 0.46 0.1 0.15 0.3 0.05 115.89080695052 69.9794331062635 211.101454314397 60.2817130070166
2001 270 0.3999091 7936 0.54 0.1 0.15 0.3 0.05 115.89080695052 69.9794331062635 211.101454314397 60.2817130070166
2002 308 0.4632866 9055 0.5 0.1 0.15 0.3 0.05 115.89080695052 69.9794331062635 211.101454314397 60.2817130070166
2003 393 0.8358449 9296 0.43 0.1 0.15 0.3 0.05 115.89080695052 69.9794331062635 211.101454314397 60.2817130070166
2004 781 1.1213466 34796 0.55 0.1 0.15 0.3 0.05 115.89080695052 69.9794331062635 211.101454314397 60.2817130070166
2005 1162 1.2523836 42443 0.49 0.1 0.15 0.3 0.05 115.89080695052 69.9794331062635 211.101454314397 60.2817130070166
2006 2614 1.4484594 55111 0.52 0.1 0.15 0.3 0.05 115.89080695052 69.9794331062635 211.101454314397 60.2817130070166
2007 3247 1.7783416 41233 0.46 0.1 0.15 0.3 0.05 115.89080695052 69.9794331062635 211.101454314397 60.2817130070166
2008 4396 1.6911124 34135 0.39 0.1 0.15 0.3 0.05 115.89080695052 69.9794331062635 211.101454314397 60.2817130070166
2009 4284 1.7750247 34480 0.38 0.1 0.15 0.3 0.05 115.89080695052 69.9794331062635 211.101454314397 60.2817130070166
2010 4296 1.3707356 0 0.56 0.1 0.15 0.3 0.05 115.89080695052 69.9794331062635 211.101454314397 60.2817130070166
2011 3680 1.6225905 16978 0.46 0.1 0.15 0.3 0.05 115.89080695052 69.9794331062635 211.101454314397 60.2817130070166
2012 2822 1.4885202 5688 0.41 0.1 0.15 0.3 0.05 115.89080695052 69.9794331062635 211.101454314397 60.2817130070166
2013 2350 1.0505834 7231 0.41 0.1 0.15 0.3 0.05 115.89080695052 69.9794331062635 211.101454314397 60.2817130070166
2014 1872 1.5679538 18613 0.48 0.1 0.15 0.3 0.05 115.89080695052 69.9794331062635 211.101454314397 60.2817130070166
2015 3192 0.8540706 12830 0.42 0.1 0.15 0.3 0.05 115.89080695052 69.9794331062635 211.101454314397 60.2817130070166
2016 2356 0.7087998 15188 0.38 0.1 0.15 0.3 0.05 115.89080695052 69.9794331062635 211.101454314397 60.2817130070166
2017 3063 0.8769418 14850 0.41 0.1 0.15 0.3 0.05 115.89080695052 69.9794331062635 211.101454314397 60.2817130070166
2018 2711 1.0245802 17473 0.39 0.1 0.15 0.3 0.05 115.89080695052 69.9794331062635 211.101454314397 60.2817130070166
2019 2642 1.0949257 16020 0.43 0.1 0.15 0.3 0.05 115.89080695052 69.9794331062635 211.101454314397 60.2817130070166

# edades 
 1 2 3 4 5 6 7 8 9 10 11 

# tallas 
 10 11 12 13 14 15 16 17 18 19 20 21 22 23 24 25 26 27 28 29 30 31 32 33 34 35 36 37 38 39 40 41 42 43 44 45 46 47 48 49 50 51 52 

# ETflom 
0 0 0 0 0 0 0 0 0 0 0 0 0 0 0 0 0 0 0 0 0 0 0 0 0 0 0 0 0 0 0 0 0 0 0 0 0 0 0 0 0 0 0
0 0 0 0 0 0 0 0 0 0 0 0 0 0 0 0 0 0 0 0 0 0 0 0 0 0 0 0 0 0 0 0 0 0 0 0 0 0 0 0 0 0 0
0 0 0 0 0 0 0 0 0.01 0.01 0.01 0.02 0.02 0.02 0.03 0.04 0.05 0.07 0.09 0.08 0.08 0.08 0.07 0.05 0.05 0.04 0.04 0.03 0.03 0.02 0.02 0.01 0.01 0.01 0.01 0 0 0 0 0 0 0 0
0 0 0 0 0 0 0 0 0 0 0 0 0 0 0 0 0 0 0 0 0 0 0 0 0 0 0 0 0 0 0 0 0 0 0 0 0 0 0 0 0 0 0
0 0 0 0 0 0 0 0 0 0 0 0 0 0 0 0 0 0 0 0 0 0 0 0 0 0 0 0 0 0 0 0 0 0 0 0 0 0 0 0 0 0 0
0 0 0 0 0 0 0 0 0 0 0 0 0 0 0 0 0 0 0 0 0 0 0 0 0 0 0 0 0 0 0 0 0 0 0 0 0 0 0 0 0 0 0
0 0 0 0 0 0 0 0 0 0 0 0 0 0 0 0 0 0 0 0 0 0 0 0 0 0 0 0 0 0 0 0 0 0 0 0 0 0 0 0 0 0 0
0 0 0 0 0 0 0 0 0.01 0.01 0.01 0.01 0.01 0.01 0.01 0.01 0.01 0.01 0.01 0.02 0.03 0.04 0.04 0.05 0.06 0.07 0.07 0.08 0.08 0.07 0.07 0.07 0.06 0.05 0.03 0.02 0.01 0 0 0 0 0 0
0 0 0 0 0 0 0 0 0 0 0 0 0 0 0 0 0 0 0 0 0 0 0 0 0 0 0 0 0 0 0 0 0 0 0 0 0 0 0 0 0 0 0
0 0 0 0 0 0 0 0 0 0 0 0 0 0 0 0 0 0 0 0 0 0 0 0 0 0 0 0 0 0 0 0 0 0 0 0 0 0 0 0 0 0 0
0 0 0 0 0 0 0 0 0 0 0 0 0 0 0 0 0 0 0 0 0 0 0 0 0 0 0 0 0 0 0 0 0 0 0 0 0 0 0 0 0 0 0
0 0 0 0 0 0 0 0 0 0 0 0 0 0 0 0 0 0 0 0 0 0 0 0 0 0 0 0 0 0 0 0 0 0 0 0 0 0 0 0 0 0 0
0 0 0 0 0 0 0 0 0 0 0 0 0 0 0 0 0 0 0 0 0 0 0 0 0 0 0 0 0 0 0 0 0 0 0 0 0 0 0 0 0 0 0
0 0 0 0 0 0 0 0 0 0 0 0 0 0 0 0 0 0 0 0 0 0 0 0 0 0 0 0 0 0 0 0 0 0 0 0 0 0 0 0 0 0 0
0 0 0 0 0 0 0 0 0 0 0 0 0 0 0 0 0 0 0 0 0 0 0 0 0 0 0 0 0 0 0 0 0 0 0 0 0 0 0 0 0 0 0
0 0 0 0 0 0 0 0 0 0 0 0.01 0.01 0.01 0.01 0.01 0.02 0.03 0.04 0.06 0.04 0.06 0.1 0.06 0.07 0.07 0.08 0.08 0.04 0.04 0.02 0.05 0.04 0.02 0.01 0.01 0 0 0 0 0 0 0
0 0 0 0 0 0 0 0 0.01 0 0.01 0.02 0.02 0.02 0.03 0.03 0.03 0.02 0.03 0.04 0.05 0.04 0.05 0.07 0.07 0.08 0.08 0.07 0.05 0.04 0.05 0.04 0.02 0.02 0.01 0 0 0 0 0 0 0 0
0 0 0 0 0 0 0 0 0 0 0 0 0.01 0.01 0.01 0.01 0.01 0.01 0.01 0.01 0.01 0.02 0.02 0.03 0.04 0.06 0.09 0.1 0.09 0.08 0.07 0.06 0.06 0.05 0.05 0.03 0.02 0.01 0 0 0 0 0
0 0 0 0 0 0 0 0 0 0 0 0 0 0 0 0 0 0 0 0 0.01 0.01 0.01 0.02 0.02 0.02 0.03 0.03 0.04 0.06 0.08 0.08 0.1 0.11 0.1 0.09 0.07 0.05 0.03 0.01 0 0 0
0 0 0 0 0 0 0 0 0 0 0 0 0 0 0 0 0 0.01 0.01 0.01 0.01 0.02 0.03 0.04 0.04 0.04 0.05 0.05 0.06 0.06 0.05 0.06 0.06 0.07 0.08 0.08 0.06 0.05 0.03 0.02 0 0 0
0 0 0 0 0 0 0 0 0 0 0 0 0 0 0 0.01 0.01 0.01 0.02 0.03 0.03 0.04 0.04 0.05 0.06 0.07 0.08 0.08 0.08 0.08 0.06 0.06 0.06 0.05 0.04 0.03 0.02 0.01 0 0 0 0 0
0 0 0 0 0 0 0 0 0 0 0 0 0 0 0 0 0 0 0 0 0 0 0 0 0 0 0 0 0 0 0 0 0 0 0 0 0 0 0 0 0 0 0
0 0 0 0 0 0 0 0 0 0 0 0 0 0 0 0 0 0 0 0 0 0 0 0 0 0 0 0 0 0 0 0 0 0 0 0 0 0 0 0 0 0 0
0 0 0 0 0 0 0 0 0 0 0 0 0 0 0 0 0 0 0 0 0 0 0 0 0 0 0 0 0 0 0 0 0 0 0 0 0 0 0 0 0 0 0
0 0 0 0 0 0 0 0 0 0 0 0 0 0 0 0 0 0.01 0.01 0.02 0.03 0.03 0.06 0.05 0.06 0.07 0.1 0.11 0.1 0.09 0.07 0.06 0.03 0.04 0.02 0.01 0.01 0.01 0.01 0 0 0 0
0 0 0 0 0 0 0 0 0 0 0 0 0 0 0 0 0 0.01 0.01 0.03 0.04 0.05 0.06 0.06 0.06 0.05 0.06 0.07 0.08 0.08 0.09 0.08 0.06 0.04 0.03 0.02 0.01 0 0 0 0 0 0
0 0 0 0 0 0 0 0 0 0 0 0 0 0 0 0 0 0 0.01 0.01 0.02 0.03 0.03 0.03 0.04 0.05 0.04 0.05 0.06 0.07 0.09 0.1 0.11 0.1 0.06 0.04 0.02 0.01 0.01 0 0 0 0
0 0 0 0 0 0 0 0 0 0 0 0 0 0 0 0 0 0 0 0 0.01 0.02 0.03 0.03 0.04 0.05 0.05 0.05 0.05 0.06 0.07 0.09 0.1 0.1 0.1 0.06 0.04 0.02 0.01 0 0 0 0
0 0 0 0 0 0 0 0 0 0 0 0 0 0 0 0 0 0 0 0.01 0.01 0.02 0.03 0.03 0.04 0.05 0.06 0.06 0.08 0.08 0.1 0.1 0.1 0.08 0.06 0.04 0.02 0.02 0.01 0 0 0 0
0 0 0 0 0 0 0 0 0 0 0 0 0 0 0 0 0 0 0 0.01 0.01 0.02 0.03 0.04 0.05 0.06 0.06 0.07 0.07 0.08 0.08 0.09 0.09 0.08 0.07 0.04 0.02 0.01 0.01 0 0 0 0
0 0 0 0 0 0 0 0 0 0 0 0 0 0 0 0 0 0.01 0.01 0.01 0.02 0.03 0.04 0.04 0.05 0.06 0.06 0.06 0.07 0.07 0.08 0.09 0.09 0.08 0.06 0.03 0.02 0.01 0 0 0 0 0
0 0 0 0 0 0 0 0 0 0 0 0 0 0 0 0 0 0 0 0 0.01 0.01 0.01 0.02 0.02 0.03 0.04 0.05 0.05 0.07 0.11 0.12 0.14 0.12 0.09 0.05 0.02 0.01 0 0 0 0 0
0 0 0 0 0 0 0 0 0 0 0 0 0 0 0 0 0 0 0.01 0.01 0.02 0.03 0.03 0.04 0.05 0.06 0.06 0.06 0.06 0.06 0.07 0.08 0.09 0.09 0.07 0.05 0.02 0.01 0 0 0 0 0
0 0 0 0 0 0 0 0 0 0 0 0 0 0 0 0 0 0 0 0.01 0.01 0.02 0.02 0.03 0.04 0.05 0.06 0.07 0.09 0.08 0.08 0.08 0.09 0.08 0.08 0.05 0.03 0.01 0 0 0 0 0
0 0 0 0 0 0 0 0 0 0 0 0 0 0 0 0 0 0 0.01 0.01 0.02 0.02 0.04 0.05 0.05 0.06 0.06 0.07 0.07 0.07 0.08 0.08 0.08 0.07 0.06 0.05 0.02 0.02 0.01 0 0 0 0
0 0 0 0 0 0 0 0 0 0 0 0 0 0 0 0 0 0.01 0.01 0.01 0.02 0.02 0.03 0.04 0.03 0.04 0.04 0.05 0.05 0.07 0.07 0.07 0.08 0.1 0.09 0.07 0.03 0.02 0.01 0 0 0 0
0 0 0 0 0 0 0 0 0 0 0 0 0 0 0 0 0 0 0.01 0.01 0.01 0.02 0.02 0.02 0.02 0.03 0.04 0.04 0.05 0.06 0.08 0.09 0.1 0.11 0.1 0.08 0.06 0.03 0.02 0.01 0 0 0
0 0 0 0 0 0 0 0 0 0 0 0 0 0 0 0 0 0 0.001 0.005 0.012 0.017 0.032 0.043 0.059 0.053 0.068 0.066 0.066 0.055 0.058 0.048 0.047 0.065 0.085 0.08 0.068 0.037 0.02 0.011 0.005 0.002 0.001
0 0 0 0 0 0 0 0 0 0 0 0 0 0 0.001 0.001 0.001 0.002 0.003 0.006 0.013 0.021 0.031 0.042 0.042 0.051 0.047 0.048 0.055 0.057 0.062 0.056 0.061 0.065 0.067 0.062 0.064 0.054 0.04 0.025 0.009 0.006 0.002
0 0 0 0 0 0 0 0 0 0 0 1e-04 0 6e-05 6e-05 0.00023 0.00099 0.00109 0.00201 0.00343 0.00811 0.01417 0.02105 0.02873 0.03611 0.047 0.05206 0.05355 0.06447 0.06326 0.06461 0.06832 0.06737 0.07535 0.07578 0.07304 0.06676 0.04982 0.03188 0.018 0.00887 0.00254 0.00127
0 0 0 0 0 0 0 0 0 0.00019 0 0 0 0.00018 0.00046 0.00087 0.0015 0.00239 0.00341 0.0049 0.00929 0.01355 0.01815 0.02043 0.02884 0.03291 0.04084 0.04271 0.05239 0.05786 0.06647 0.07544 0.07609 0.07294 0.07335 0.07569 0.06757 0.054 0.041 0.02839 0.01629 0.0101 0.00566

# ETfloh 
0 0 0 0 0 0 0 0 0 0 0 0 0 0 0 0 0 0 0 0 0 0 0 0 0 0 0 0 0 0 0 0 0 0 0 0 0 0 0 0 0 0 0
0 0 0 0 0 0 0 0 0 0 0 0 0 0 0 0 0 0 0 0 0 0 0 0 0 0 0 0 0 0 0 0 0 0 0 0 0 0 0 0 0 0 0
0 0 0 0 0 0 0 0.01 0.01 0.02 0.03 0.03 0.04 0.04 0.07 0.09 0.12 0.12 0.11 0.08 0.07 0.04 0.04 0.02 0.02 0.01 0.01 0.01 0.01 0 0 0 0 0 0 0 0 0 0 0 0 0 0
0 0 0 0 0 0 0 0 0 0 0 0 0 0 0 0 0 0 0 0 0 0 0 0 0 0 0 0 0 0 0 0 0 0 0 0 0 0 0 0 0 0 0
0 0 0 0 0 0 0 0 0 0 0 0 0 0 0 0 0 0 0 0 0 0 0 0 0 0 0 0 0 0 0 0 0 0 0 0 0 0 0 0 0 0 0
0 0 0 0 0 0 0 0 0 0 0 0 0 0 0 0 0 0 0 0 0 0 0 0 0 0 0 0 0 0 0 0 0 0 0 0 0 0 0 0 0 0 0
0 0 0 0 0 0 0 0 0 0 0 0 0 0 0 0 0 0 0 0 0 0 0 0 0 0 0 0 0 0 0 0 0 0 0 0 0 0 0 0 0 0 0
0 0 0 0 0.01 0 0 0.02 0.07 0.05 0.06 0.08 0.05 0.13 0.1 0.11 0.06 0.07 0.04 0.03 0.03 0.02 0.02 0.01 0.02 0.02 0 0.01 0 0 0 0 0 0 0 0 0 0 0 0 0 0 0
0 0 0 0 0 0 0 0 0 0 0 0 0 0 0 0 0 0 0 0 0 0 0 0 0 0 0 0 0 0 0 0 0 0 0 0 0 0 0 0 0 0 0
0 0 0 0 0 0 0 0 0 0 0 0 0 0 0 0 0 0 0 0 0 0 0 0 0 0 0 0 0 0 0 0 0 0 0 0 0 0 0 0 0 0 0
0 0 0 0 0 0 0 0 0 0 0 0 0 0 0 0 0 0 0 0 0 0 0 0 0 0 0 0 0 0 0 0 0 0 0 0 0 0 0 0 0 0 0
0 0 0 0 0 0 0 0 0 0 0 0 0 0 0 0 0 0 0 0 0 0 0 0 0 0 0 0 0 0 0 0 0 0 0 0 0 0 0 0 0 0 0
0 0 0 0 0 0 0 0 0 0 0 0 0 0 0 0 0 0 0 0 0 0 0 0 0 0 0 0 0 0 0 0 0 0 0 0 0 0 0 0 0 0 0
0 0 0 0 0 0 0 0 0 0 0 0 0 0 0 0 0 0 0 0 0 0 0 0 0 0 0 0 0 0 0 0 0 0 0 0 0 0 0 0 0 0 0
0 0 0 0 0 0 0 0 0 0 0 0 0 0 0 0 0 0 0 0 0 0 0 0 0 0 0 0 0 0 0 0 0 0 0 0 0 0 0 0 0 0 0
0 0 0 0 0 0 0 0 0 0 0 0.01 0.02 0.03 0.03 0.05 0.06 0.06 0.05 0.06 0.08 0.09 0.11 0.09 0.05 0.05 0.06 0.04 0.02 0.01 0.01 0 0 0 0 0 0 0 0 0 0 0 0
0 0 0 0 0 0 0 0 0.01 0.01 0.03 0.04 0.03 0.04 0.03 0.05 0.05 0.04 0.05 0.05 0.06 0.08 0.07 0.06 0.09 0.06 0.06 0.05 0.03 0.01 0.01 0 0 0 0 0 0 0 0 0 0 0 0
0 0 0 0 0 0 0 0 0 0 0.01 0.01 0.02 0.03 0.02 0.02 0.02 0.02 0.02 0.02 0.04 0.04 0.06 0.07 0.08 0.08 0.08 0.09 0.09 0.07 0.05 0.03 0.01 0.01 0 0 0 0 0 0 0 0 0
0 0 0 0 0 0 0 0 0 0 0 0 0 0 0 0 0 0.01 0.01 0.02 0.04 0.05 0.07 0.1 0.11 0.12 0.11 0.09 0.08 0.07 0.05 0.03 0.01 0.01 0 0 0 0 0 0 0 0 0
0 0 0 0 0 0 0 0 0 0 0 0 0 0 0 0 0.01 0.01 0.01 0.02 0.03 0.05 0.05 0.07 0.08 0.08 0.09 0.1 0.12 0.09 0.08 0.04 0.03 0.01 0.01 0 0 0 0 0 0 0 0
0 0 0 0 0 0 0 0 0 0 0 0 0 0 0.01 0.01 0.03 0.04 0.04 0.06 0.09 0.13 0.13 0.07 0.08 0.06 0.05 0.05 0.04 0.04 0.03 0.02 0.01 0.01 0.01 0 0 0 0 0 0 0 0
0 0 0 0 0 0 0 0 0 0 0 0 0 0 0 0 0 0 0 0 0 0 0 0 0 0 0 0 0 0 0 0 0 0 0 0 0 0 0 0 0 0 0
0 0 0 0 0 0 0 0 0 0 0 0 0 0 0 0 0 0 0 0 0 0 0 0 0 0 0 0 0 0 0 0 0 0 0 0 0 0 0 0 0 0 0
0 0 0 0 0 0 0 0 0 0 0 0 0 0 0 0 0 0 0 0 0 0 0 0 0 0 0 0 0 0 0 0 0 0 0 0 0 0 0 0 0 0 0
0 0 0 0 0 0 0 0 0 0 0 0 0 0 0 0.01 0.03 0.05 0.06 0.11 0.09 0.11 0.11 0.08 0.08 0.08 0.06 0.04 0.02 0.02 0.01 0.01 0.01 0 0 0 0 0 0 0 0 0 0
0 0 0 0 0 0 0 0 0 0 0 0 0 0 0 0 0.01 0.02 0.03 0.06 0.1 0.12 0.12 0.12 0.11 0.09 0.07 0.04 0.03 0.02 0.02 0.01 0.01 0.01 0 0 0 0 0 0 0 0 0
0 0 0 0 0 0 0 0 0 0 0 0 0 0 0 0 0.01 0.01 0.02 0.03 0.05 0.08 0.11 0.11 0.12 0.11 0.11 0.1 0.05 0.03 0.02 0.01 0.01 0 0 0 0 0 0 0 0 0 0
0 0 0 0 0 0 0 0 0 0 0 0 0 0 0 0 0 0.01 0.01 0.03 0.05 0.06 0.09 0.09 0.1 0.09 0.08 0.08 0.05 0.04 0.05 0.03 0.05 0.03 0.03 0.01 0.01 0 0 0 0 0 0
0 0 0 0 0 0 0 0 0 0 0 0 0 0 0 0.01 0.01 0.01 0.02 0.03 0.04 0.06 0.08 0.09 0.11 0.13 0.11 0.09 0.07 0.05 0.04 0.02 0.01 0.01 0.01 0 0 0 0 0 0 0 0
0 0 0 0 0 0 0 0 0 0 0 0 0 0 0 0 0.01 0.01 0.02 0.03 0.05 0.07 0.1 0.13 0.13 0.12 0.11 0.08 0.05 0.04 0.02 0.01 0 0.01 0 0 0 0 0 0 0 0 0
0 0 0 0 0 0 0 0 0 0 0 0 0 0 0 0 0.01 0.01 0.03 0.04 0.07 0.08 0.1 0.11 0.11 0.12 0.1 0.08 0.05 0.03 0.02 0.01 0.01 0 0 0 0 0 0 0 0 0 0
0 0 0 0 0 0 0 0 0 0 0 0 0 0 0 0 0.01 0.01 0.02 0.02 0.04 0.07 0.09 0.13 0.14 0.14 0.11 0.08 0.05 0.03 0.02 0.01 0 0 0 0 0 0 0 0 0 0 0
0 0 0 0 0 0 0 0 0 0 0 0 0 0 0 0.01 0.03 0.03 0.09 0.05 0.07 0.07 0.07 0.1 0.09 0.09 0.09 0.07 0.05 0.03 0.02 0.01 0 0 0 0 0 0 0 0 0 0 0
0 0 0 0 0 0 0 0 0 0 0 0 0 0 0 0 0 0.01 0.01 0.03 0.04 0.07 0.1 0.11 0.13 0.12 0.12 0.11 0.07 0.04 0.02 0.01 0.01 0 0 0 0 0 0 0 0 0 0
0 0 0 0 0 0 0 0 0 0 0 0 0 0 0 0 0.01 0.01 0.02 0.04 0.07 0.08 0.11 0.11 0.11 0.11 0.1 0.09 0.06 0.04 0.02 0.01 0 0 0 0 0 0 0 0 0 0 0
0 0 0 0 0 0 0 0 0 0 0 0 0.01 0 0 0 0.01 0.01 0.02 0.04 0.06 0.07 0.1 0.11 0.11 0.13 0.13 0.09 0.06 0.03 0.02 0.01 0 0 0 0 0 0 0 0 0 0 0
0 0 0 0 0 0 0 0 0 0 0 0 0 0 0 0 0.01 0.01 0.03 0.04 0.05 0.08 0.1 0.1 0.11 0.1 0.1 0.09 0.06 0.04 0.03 0.01 0.01 0.01 0 0.01 0 0 0 0 0 0 0
0 0 0 0 0 0 0 0 0 0 0 0 0 0 0 0 0.006 0.005 0.013 0.024 0.079 0.103 0.13 0.191 0.145 0.08 0.076 0.065 0.034 0.027 0.01 0.006 0.008 0 0 0 0 0 0 0 0 0 0
0 0 0 0 0 0 0 0 0 0 0 0 0.001 0.003 0.005 0.008 0.009 0.015 0.033 0.064 0.095 0.096 0.091 0.08 0.081 0.072 0.079 0.069 0.067 0.049 0.039 0.024 0.01 0.004 0.003 0 0.001 0 0 0.001 0 0 0
0 0 0 0 0 0 0 0 0 0 0 0 3e-05 0.00085 0.00068 0.00233 0.00127 0.00573 0.01505 0.03398 0.05973 0.08666 0.1024 0.10369 0.09191 0.09177 0.06466 0.07164 0.05932 0.06316 0.05248 0.0374 0.01977 0.02385 0.00963 0.00125 0.00031 0.00015 0.00015 9e-05 6e-05 0 0
0 0 0 0 0 0 0 0 0 0 0 7e-05 0.00015 6e-05 9e-04 0.00161 0.00312 0.00604 0.01332 0.02529 0.0424 0.06451 0.09201 0.09675 0.11051 0.11359 0.09169 0.08846 0.07388 0.05754 0.04862 0.03126 0.01856 0.012 0.00345 0.00188 0.00079 4e-04 0.00111 0 0 0 0

# ETcrum 
0 0 0 0 0 0 0 0 0 0 0 0 0 0 0 0 0 0 0 0 0 0 0 0 0 0 0 0 0 0 0 0 0 0 0 0 0 0 0 0 0 0 0
0 0 0 0 0 0 0 0 0 0 0 0 0 0 0 0 0 0 0 0 0 0 0 0 0 0 0 0 0 0 0 0 0 0 0 0 0 0 0 0 0 0 0
0 0 0 0 0 0 0 0 0 0 0 0 0 0 0 0 0 0 0 0 0 0 0 0 0 0 0 0 0 0 0 0 0 0 0 0 0 0 0 0 0 0 0
0 0 0 0 0 0 0 0 0 0 0 0 0 0 0 0 0 0 0 0 0 0 0 0 0 0 0 0 0 0 0 0 0 0 0 0 0 0 0 0 0 0 0
0 0 0 0 0 0 0 0 0 0 0 0 0 0 0 0 0 0 0 0 0 0 0 0 0 0 0 0 0 0 0 0 0 0 0 0 0 0 0 0 0 0 0
0 0 0 0 0 0 0 0 0 0 0 0 0 0 0 0 0 0 0 0 0 0 0 0 0 0 0 0 0 0 0 0 0 0 0 0 0 0 0 0 0 0 0
0 0 0 0 0 0 0 0 0 0 0 0 0 0 0 0 0 0 0 0 0 0 0 0 0 0 0 0 0 0 0 0 0 0 0 0 0 0 0 0 0 0 0
0 0 0 0 0 0 0 0 0 0 0 0 0 0 0 0 0 0 0 0 0 0 0 0 0 0 0 0 0 0 0 0 0 0 0 0 0 0 0 0 0 0 0
0 0 0 0 0 0 0 0 0 0 0 0 0 0 0 0 0 0 0 0 0 0 0 0 0 0 0 0 0 0 0 0 0 0 0 0 0 0 0 0 0 0 0
0 0 0 0 0 0 0 0 0 0 0 0 0 0 0 0 0 0 0 0 0 0 0 0 0 0 0 0 0 0 0 0 0 0 0 0 0 0 0 0 0 0 0
0 0 0 0 0 0 0 0 0 0 0 0 0 0 0 0 0 0 0 0 0 0 0 0 0 0 0 0 0 0 0 0 0 0 0 0 0 0 0 0 0 0 0
0 0 0 0 0 0 0 0 0 0 0 0 0 0 0 0 0 0 0 0 0 0 0 0 0 0 0 0 0 0 0 0 0 0 0 0 0 0 0 0 0 0 0
0 0 0 0 0 0 0 0 0 0 0 0 0 0 0 0 0 0 0 0 0 0 0 0 0 0 0 0 0 0 0 0 0 0 0 0 0 0 0 0 0 0 0
0 0 0 0 0 0 0 0 0 0 0 0 0 0 0 0 0 0 0 0 0 0 0 0 0 0 0 0 0 0 0 0 0 0 0 0 0 0 0 0 0 0 0
0 0 0 0 0 0 0 0 0 0 0 0 0 0 0 0 0 0 0 0 0 0 0 0 0 0 0 0 0 0 0 0 0 0 0 0 0 0 0 0 0 0 0
0 0 0 0 0 0 0 0 0 0 0 0 0 0 0 0 0 0 0 0 0 0 0 0 0 0 0 0 0 0 0 0 0 0 0 0 0 0 0 0 0 0 0
0 0 0 0 0 0 0 0 0 0 0 0 0 0 0 0 0 0 0 0 0 0 0 0 0 0 0 0 0 0 0 0 0 0 0 0 0 0 0 0 0 0 0
0 0 0 0 0 0 0 0 0 0 0 0 0 0 0 0 0 0 0 0 0 0 0 0 0 0 0 0 0 0 0 0 0 0 0 0 0 0 0 0 0 0 0
0 0 0 0 0 0 0 0 0 0 0 0 0 0 0 0 0 0 0 0 0 0 0 0 0 0 0 0 0 0 0 0 0 0 0 0 0 0 0 0 0 0 0
0 0 0 0 0 0 0 0 0 0 0 0 0 0 0 0 0 0 0 0 0 0 0 0 0 0 0 0 0 0 0 0 0 0 0 0 0 0 0 0 0 0 0
0 0 0 0 0 0 0 0 0 0 0.01 0.02 0.04 0.04 0.07 0.08 0.08 0.09 0.08 0.07 0.06 0.04 0.06 0.05 0.04 0.03 0.03 0.02 0.02 0.02 0.01 0.01 0.01 0.01 0 0.01 0.01 0 0 0 0 0 0
0 0 0 0 0 0.01 0.02 0.03 0.04 0.04 0.05 0.05 0.06 0.05 0.05 0.04 0.04 0.04 0.04 0.03 0.04 0.03 0.03 0.04 0.03 0.02 0.02 0.02 0.02 0.02 0.03 0.02 0.02 0.02 0.02 0.01 0.01 0 0 0 0 0 0
0 0 0 0 0 0 0 0 0.01 0.01 0.02 0.04 0.04 0.05 0.06 0.07 0.08 0.05 0.05 0.05 0.05 0.04 0.04 0.04 0.04 0.03 0.03 0.03 0.03 0.03 0.03 0.02 0.02 0.01 0.01 0.01 0.01 0 0.01 0 0 0 0
0 0 0 0 0 0 0 0 0 0 0.01 0.02 0.03 0.03 0.04 0.07 0.09 0.08 0.08 0.07 0.06 0.05 0.05 0.04 0.04 0.04 0.03 0.03 0.03 0.03 0.02 0.01 0.01 0.01 0.01 0 0 0 0 0 0 0 0
0 0 0 0 0 0 0 0.02 0.02 0.02 0.02 0.02 0.03 0.03 0.04 0.04 0.04 0.05 0.04 0.04 0.04 0.05 0.06 0.05 0.06 0.04 0.04 0.04 0.04 0.03 0.03 0.01 0.02 0.01 0.01 0.01 0.01 0 0 0 0 0 0
0 0 0 0 0 0 0 0 0 0 0 0 0.01 0.01 0.01 0.02 0.03 0.03 0.03 0.03 0.05 0.05 0.05 0.05 0.06 0.07 0.08 0.07 0.06 0.06 0.07 0.06 0.04 0.03 0.02 0.01 0.01 0 0 0 0 0 0
0 0 0 0 0 0 0 0 0 0 0 0 0 0 0 0 0.01 0.01 0.01 0.01 0.03 0.04 0.05 0.04 0.06 0.06 0.08 0.08 0.07 0.07 0.08 0.07 0.07 0.05 0.03 0.02 0.01 0.01 0 0 0 0 0
0 0 0 0 0 0 0 0 0 0 0 0 0 0 0.01 0.01 0.02 0.03 0.03 0.04 0.04 0.05 0.06 0.06 0.06 0.07 0.06 0.07 0.05 0.06 0.06 0.05 0.05 0.04 0.04 0.02 0.01 0 0 0 0 0 0
0 0 0 0 0 0 0 0 0 0 0 0 0 0 0 0.01 0.01 0.01 0.02 0.02 0.02 0.03 0.04 0.04 0.05 0.06 0.07 0.08 0.08 0.07 0.08 0.08 0.07 0.06 0.04 0.03 0.01 0.01 0 0 0 0 0
0 0 0 0 0 0 0 0 0 0 0 0 0 0 0 0 0 0.01 0.02 0.02 0.03 0.04 0.04 0.04 0.04 0.05 0.05 0.05 0.06 0.06 0.08 0.08 0.09 0.08 0.06 0.04 0.02 0.01 0.01 0 0 0 0
0 0 0 0 0 0 0 0 0 0 0 0 0 0 0 0 0 0.01 0.01 0.02 0.03 0.03 0.04 0.04 0.05 0.05 0.07 0.07 0.07 0.07 0.09 0.08 0.08 0.07 0.05 0.03 0.02 0.01 0.01 0 0 0 0
0 0 0 0 0 0 0 0 0 0 0 0 0 0 0 0 0 0 0 0 0 0 0 0 0 0 0 0 0 0 0 0 0 0 0 0 0 0 0 0 0 0 0
0 0 0 0 0 0 0 0 0 0 0 0 0 0 0 0 0 0.01 0.02 0.03 0.04 0.06 0.05 0.06 0.06 0.06 0.05 0.06 0.06 0.06 0.06 0.06 0.07 0.06 0.05 0.03 0.02 0.01 0 0 0 0 0
0 0 0 0 0 0 0 0 0 0 0 0 0 0 0 0 0 0.01 0.01 0.02 0.02 0.03 0.04 0.04 0.05 0.06 0.05 0.06 0.06 0.06 0.07 0.07 0.09 0.1 0.07 0.04 0.02 0.01 0 0 0 0 0
0 0 0 0 0 0 0 0 0 0 0 0 0 0 0 0 0.01 0.01 0.02 0.02 0.03 0.04 0.05 0.05 0.06 0.05 0.06 0.06 0.06 0.06 0.05 0.05 0.06 0.06 0.07 0.05 0.03 0.02 0.01 0 0 0 0
0 0 0 0 0 0 0 0 0 0 0 0 0 0 0 0 0 0 0.01 0.01 0.01 0.02 0.03 0.04 0.03 0.04 0.04 0.05 0.05 0.06 0.06 0.07 0.08 0.08 0.07 0.08 0.06 0.04 0.02 0.02 0.02 0 0
0 0 0 0 0 0 0 0 0 0 0 0 0 0 0 0 0.01 0.01 0.01 0.01 0.01 0.02 0.02 0.03 0.05 0.04 0.05 0.05 0.05 0.06 0.07 0.07 0.07 0.08 0.07 0.07 0.05 0.04 0.03 0.01 0.01 0 0
0 0 0 0 0 0 0 0 0 0 0.001 0 0.002 0.002 0.003 0.005 0.004 0.008 0.014 0.019 0.031 0.031 0.03 0.037 0.038 0.041 0.05 0.05 0.056 0.05 0.06 0.064 0.062 0.063 0.059 0.063 0.053 0.045 0.03 0.016 0.007 0.004 0.002
0 0 0 0 0 0 0 0.001 0 0.002 0.004 0.005 0.003 0.004 0.006 0.009 0.01 0.014 0.016 0.016 0.014 0.025 0.035 0.038 0.047 0.06 0.058 0.055 0.062 0.053 0.055 0.046 0.048 0.047 0.06 0.053 0.046 0.039 0.032 0.017 0.011 0.006 0.003
0 0 0 0 0 0 0 0 0 0 0 0.000321473 0.000396755 0.00058243 0.000606602 0.00108695 0.003405913 0.006639362 0.00970534 0.013735299 0.021436761 0.028920378 0.036712865 0.042522582 0.050120756 0.057983708 0.073954269 0.071430554 0.077816987 0.077379319 0.074088893 0.061724501 0.046833265 0.046809822 0.039665248 0.032811521 0.034396276 0.027289408 0.024906158 0.016199054 0.010968899 0.004379787 0.002236691
0 0 0 0 0 0 0 0 8.38577e-05 0 3.00439e-05 0.000757745 0.000251128 0.000632159 0.001147566 0.002480999 0.004133654 0.006409606 0.014395995 0.016959611 0.025157265 0.039724422 0.047056936 0.051971634 0.058726818 0.059567513 0.065278267 0.071442073 0.075600955 0.079304882 0.076155044 0.062975744 0.057353703 0.04417488 0.039309102 0.026672264 0.023715731 0.020649372 0.012376698 0.00650575 0.004319302 0.002456731 0.00117196

# ETcruh 
0 0 0 0 0 0 0 0 0 0 0 0 0 0 0 0 0 0 0 0 0 0 0 0 0 0 0 0 0 0 0 0 0 0 0 0 0 0 0 0 0 0 0
0 0 0 0 0 0 0 0 0 0 0 0 0 0 0 0 0 0 0 0 0 0 0 0 0 0 0 0 0 0 0 0 0 0 0 0 0 0 0 0 0 0 0
0 0 0 0 0 0 0 0 0 0 0 0 0 0 0 0 0 0 0 0 0 0 0 0 0 0 0 0 0 0 0 0 0 0 0 0 0 0 0 0 0 0 0
0 0 0 0 0 0 0 0 0 0 0 0 0 0 0 0 0 0 0 0 0 0 0 0 0 0 0 0 0 0 0 0 0 0 0 0 0 0 0 0 0 0 0
0 0 0 0 0 0 0 0 0 0 0 0 0 0 0 0 0 0 0 0 0 0 0 0 0 0 0 0 0 0 0 0 0 0 0 0 0 0 0 0 0 0 0
0 0 0 0 0 0 0 0 0 0 0 0 0 0 0 0 0 0 0 0 0 0 0 0 0 0 0 0 0 0 0 0 0 0 0 0 0 0 0 0 0 0 0
0 0 0 0 0 0 0 0 0 0 0 0 0 0 0 0 0 0 0 0 0 0 0 0 0 0 0 0 0 0 0 0 0 0 0 0 0 0 0 0 0 0 0
0 0 0 0 0 0 0 0 0 0 0 0 0 0 0 0 0 0 0 0 0 0 0 0 0 0 0 0 0 0 0 0 0 0 0 0 0 0 0 0 0 0 0
0 0 0 0 0 0 0 0 0 0 0 0 0 0 0 0 0 0 0 0 0 0 0 0 0 0 0 0 0 0 0 0 0 0 0 0 0 0 0 0 0 0 0
0 0 0 0 0 0 0 0 0 0 0 0 0 0 0 0 0 0 0 0 0 0 0 0 0 0 0 0 0 0 0 0 0 0 0 0 0 0 0 0 0 0 0
0 0 0 0 0 0 0 0 0 0 0 0 0 0 0 0 0 0 0 0 0 0 0 0 0 0 0 0 0 0 0 0 0 0 0 0 0 0 0 0 0 0 0
0 0 0 0 0 0 0 0 0 0 0 0 0 0 0 0 0 0 0 0 0 0 0 0 0 0 0 0 0 0 0 0 0 0 0 0 0 0 0 0 0 0 0
0 0 0 0 0 0 0 0 0 0 0 0 0 0 0 0 0 0 0 0 0 0 0 0 0 0 0 0 0 0 0 0 0 0 0 0 0 0 0 0 0 0 0
0 0 0 0 0 0 0 0 0 0 0 0 0 0 0 0 0 0 0 0 0 0 0 0 0 0 0 0 0 0 0 0 0 0 0 0 0 0 0 0 0 0 0
0 0 0 0 0 0 0 0 0 0 0 0 0 0 0 0 0 0 0 0 0 0 0 0 0 0 0 0 0 0 0 0 0 0 0 0 0 0 0 0 0 0 0
0 0 0 0 0 0 0 0 0 0 0 0 0 0 0 0 0 0 0 0 0 0 0 0 0 0 0 0 0 0 0 0 0 0 0 0 0 0 0 0 0 0 0
0 0 0 0 0 0 0 0 0 0 0 0 0 0 0 0 0 0 0 0 0 0 0 0 0 0 0 0 0 0 0 0 0 0 0 0 0 0 0 0 0 0 0
0 0 0 0 0 0 0 0 0 0 0 0 0 0 0 0 0 0 0 0 0 0 0 0 0 0 0 0 0 0 0 0 0 0 0 0 0 0 0 0 0 0 0
0 0 0 0 0 0 0 0 0 0 0 0 0 0 0 0 0 0 0 0 0 0 0 0 0 0 0 0 0 0 0 0 0 0 0 0 0 0 0 0 0 0 0
0 0 0 0 0 0 0 0 0 0 0 0 0 0 0 0 0 0 0 0 0 0 0 0 0 0 0 0 0 0 0 0 0 0 0 0 0 0 0 0 0 0 0
0 0 0 0 0 0 0 0 0.01 0.01 0.02 0.02 0.04 0.07 0.1 0.14 0.17 0.14 0.1 0.05 0.03 0.01 0.01 0.01 0.01 0.01 0 0 0 0 0 0 0 0 0 0 0 0 0 0 0 0 0
0 0 0 0 0 0 0.01 0.01 0.03 0.03 0.05 0.05 0.05 0.06 0.05 0.06 0.07 0.06 0.07 0.07 0.06 0.05 0.05 0.04 0.03 0.03 0.02 0.02 0.01 0.01 0.01 0 0 0 0 0 0 0 0 0 0 0 0
0 0 0 0 0 0 0 0 0.01 0.02 0.05 0.08 0.09 0.1 0.08 0.08 0.1 0.06 0.05 0.03 0.04 0.02 0.03 0.03 0.02 0.02 0.02 0.02 0 0.01 0.01 0.01 0 0.01 0.01 0 0 0 0 0 0 0 0
0 0 0 0 0 0 0 0 0 0 0.01 0.02 0.04 0.05 0.08 0.11 0.14 0.14 0.13 0.08 0.06 0.04 0.03 0.02 0.02 0.01 0.01 0 0 0 0 0 0 0 0 0 0 0 0 0 0 0 0
0 0 0 0 0 0 0 0 0 0 0.01 0.03 0.04 0.06 0.09 0.07 0.07 0.07 0.08 0.07 0.06 0.07 0.07 0.05 0.05 0.03 0.03 0.01 0.01 0.01 0 0 0 0 0 0 0 0 0 0 0 0 0
0 0 0 0 0 0 0 0 0 0 0 0 0.01 0.01 0.02 0.03 0.04 0.05 0.07 0.08 0.12 0.12 0.1 0.07 0.07 0.05 0.04 0.02 0.02 0.01 0.01 0.01 0.01 0 0 0 0 0 0 0 0 0 0
0 0 0 0 0 0 0 0 0 0 0 0 0 0.01 0.01 0.01 0.02 0.02 0.03 0.04 0.09 0.12 0.13 0.12 0.11 0.08 0.06 0.04 0.03 0.02 0.02 0.01 0.01 0 0 0 0 0 0 0 0 0 0
0 0 0 0 0 0 0 0 0 0 0 0 0 0 0 0.01 0.02 0.03 0.05 0.07 0.1 0.11 0.13 0.11 0.11 0.08 0.05 0.04 0.02 0.02 0.01 0.01 0.01 0 0 0 0 0 0 0 0 0 0
0 0 0 0 0 0 0 0 0 0 0 0 0 0 0.01 0.01 0.02 0.04 0.04 0.06 0.07 0.08 0.11 0.11 0.11 0.1 0.08 0.06 0.03 0.02 0.01 0.01 0 0 0 0 0 0 0 0 0 0 0
0 0 0 0 0 0 0 0 0 0 0 0 0 0 0 0.01 0.01 0.02 0.03 0.05 0.09 0.1 0.13 0.14 0.14 0.1 0.08 0.05 0.03 0.01 0.01 0 0 0 0 0 0 0 0 0 0 0 0
0 0 0 0 0 0 0 0 0 0 0 0 0 0 0.01 0.01 0.01 0.02 0.03 0.07 0.1 0.1 0.12 0.11 0.13 0.09 0.09 0.05 0.03 0.02 0.01 0 0 0 0 0 0 0 0 0 0 0 0
0 0 0 0 0 0 0 0 0 0 0 0 0 0 0 0 0 0 0 0 0 0 0 0 0 0 0 0 0 0 0 0 0 0 0 0 0 0 0 0 0 0 0
0 0 0 0 0 0 0 0 0 0 0 0 0 0 0 0 0.01 0.01 0.02 0.04 0.07 0.1 0.11 0.11 0.13 0.12 0.1 0.08 0.05 0.02 0.01 0.01 0 0 0 0 0 0 0 0 0 0 0
0 0 0 0 0 0 0 0 0 0 0 0 0 0 0 0.01 0.01 0.02 0.03 0.05 0.07 0.1 0.14 0.15 0.12 0.11 0.07 0.06 0.03 0.02 0.01 0 0 0 0 0 0 0 0 0 0 0 0
0 0 0 0 0 0 0 0 0 0 0 0 0 0 0 0 0.01 0.01 0.03 0.04 0.08 0.08 0.1 0.12 0.13 0.13 0.11 0.07 0.04 0.03 0.01 0.01 0.01 0 0 0 0 0 0 0 0 0 0
0 0 0 0 0 0 0 0 0 0 0 0 0 0 0 0 0.01 0.01 0.02 0.03 0.05 0.06 0.09 0.1 0.12 0.12 0.11 0.1 0.06 0.05 0.02 0.02 0.01 0 0 0 0 0 0 0 0 0 0
0 0 0 0 0 0 0 0 0 0 0 0 0 0 0 0.01 0.01 0.02 0.04 0.05 0.05 0.06 0.07 0.08 0.1 0.1 0.1 0.1 0.08 0.05 0.04 0.01 0.01 0 0 0 0 0 0 0 0 0 0
0 0 0 0 0 0 0 0 0 0 0.002 0.001 0.003 0.003 0.008 0.01 0.023 0.044 0.045 0.07 0.082 0.076 0.077 0.082 0.073 0.079 0.082 0.069 0.065 0.046 0.029 0.016 0.008 0.004 0.001 0 0.001 0 0 0 0 0 0
0 0 0 0 0 0 0 0 0 0 0.001 0.002 0.003 0.006 0.01 0.012 0.015 0.022 0.033 0.039 0.068 0.078 0.08 0.089 0.085 0.081 0.085 0.082 0.076 0.055 0.037 0.026 0.009 0.003 0.002 0.001 0 0.001 0 0 0 0 0
0 0 0 0 0 0 0 0 0 8.288e-05 8.288e-05 0.000417967 0.000165756 0.000209369 0.002607456 0.006463496 0.008295737 0.01882673 0.041085735 0.057819816 0.093449361 0.126900793 0.139584243 0.119420486 0.092755944 0.067563052 0.055343569 0.038776634 0.029615134 0.031349818 0.026765634 0.021643585 0.009405145 0.006746134 0.002373984 0.00123013 0.000226214 0.000454313 0 0.000338008 0 0 0
0 0 0 0 0 0 0 0 0 0 0.000115708 0 0.000350796 0.000354705 0.002943427 0.006072766 0.011995871 0.016056021 0.028021458 0.045788207 0.077081998 0.105317691 0.116567103 0.123507985 0.109744702 0.079808121 0.061803167 0.055470804 0.047019281 0.042111127 0.029856759 0.019312454 0.009809156 0.007280882 0.001497841 0.001077322 0.000362509 0.000476241 0.0001959 0 0 0 0

# Msex 
 0.03 0.04 0.05 0.06 0.07 0.09 0.11 0.13 0.16 0.19 0.23 0.27 0.31 0.36 0.41 0.47 0.52 0.57 0.63 0.68 0.72 0.76 0.8 0.83 0.86 0.88 0.91 0.92 0.94 0.95 0.96 0.97 0.97 0.98 0.98 0.99 0.99 0.99 0.99 0.99 1 1 1 

# Wt_m 
 0.677 0.912 1.196 1.536 1.936 2.401 2.937 3.549 4.243 5.023 5.896 6.866 7.939 9.121 10.417 11.834 13.375 15.048 16.857 18.809 20.91 23.164 25.578 28.157 30.908 33.835 36.946 40.246 43.741 47.436 51.338 55.453 59.786 64.344 69.132 74.157 79.425 84.942 90.713 96.745 103.044 109.616 116.468 

# Wt_h 
 1.169 1.496 1.875 2.306 2.794 3.34 3.948 4.619 5.356 6.16 7.035 7.982 9.004 10.102 11.279 12.536 13.876 15.301 16.811 18.41 20.099 21.88 23.754 25.724 27.791 29.957 32.224 34.593 37.066 39.644 42.33 45.125 48.03 51.047 54.177 57.423 60.785 64.266 67.866 71.587 75.431 79.4 83.493 

# cv_Rt_No_Rm 
 0.6 0.6 0.2 

# dt_des_cpue_cru 
 0.67 0.5 0.5 

# Param 
52.8 0.151 19.27 0.1 0.3
45.6 0.174 18.79 0.1 0.3
0.1 0.1 0.1 0.05 0.1

# h 
 1 

# q_crucv 
 1 1000.05 

# A50m 
 25 1.5 35 

# A50h 
 25 1.5 35 

# Acrum 
 24 1.5 35 

# Acruh 
 24 1.5 35 

# Penalizador_mod_log_domo 
 100 

# nbloq_flo 
 1 1979 

# nbloq_cru 
 1 1979 

# nbloq_qcpue 
 1 1979 

# nbloq_qcru 
 2 1979 2004 

# Fasq_flocru 
 5 6 

# FasS_flocru 
 5 6 

# Fas_par 
 -4 5 -4 

# Fas_F 
 2 

# dev_R 
 2 

# dev_No 
 2 

# Fas_pRm 
 -6 

# Fas_Fpbr 
 6 

# npbr 
 4 

# Tasa_bdpr 
 0.3 0.4 0.45 0.48 

# yr_proy 
 15 

# pR 
 1 

# opt_sim 
 1 

