# Number of parameters = 151 Objective function value = 11105.6606841538  Maximum gradient component = 0.000115582541831983
# log_A50flom:
 1.31797937969767
# log_sdA50flom:
 0.561781168329158
# log_A50floh:
 1.50424045352647
# log_sdA50floh:
 0.0861455373974686
# log_A50cruh:
 1.17229157962385 1.39057762075716
# log_sdA50cruh:
 -0.471045510543071 -0.0941021921550135
# log_A50crum:
 1.64422020661125 1.28152971556107
# log_sdA50crum:
 1.05368015894347 0.877035202535176
# log_Ro:
4.93329073127
# log_propmR:
-0.693140000000
# log_dev_Ro:
 -0.435468040862 0.239110174139 0.480561296665 0.183994135083 0.0146501259966 0.405284209710 0.448951657674 0.519250460290 0.00483051104266 0.103957867558 -0.00676036960790 0.164812075854 0.0394025903019 0.0629147050255 0.00965655612882 0.253204850593 0.305036679260 0.587749842504 0.278027790513 0.490577312071 0.195505910784 0.252956252249 0.0966309995959 -0.355061945640 0.569973249863 -0.00248862453100 -0.700465228470 -1.00429582081 -0.508328581801 -0.695577372298 -0.887200804613 -0.863427140591 -0.454910754961 0.213926703718 -0.00698127243689
# log_dev_Nom:
 0.302122918257 -0.790711415821 -0.572345662532 -0.240888466494 -0.302628855230 0.299516678699 0.513657849519 0.201291682523 0.0552098232298 0.00521077151253 -0.000186288363725
# log_dev_Noh:
 -0.383528813667 0.664610390590 0.509916297909 -0.337207314677 -0.0609211346775 -0.288901739046 -0.0439919406621 0.128974210269 0.0748940117099 0.0199189273173 0.00164138546838
# log_Fm:
 -0.713691945153 -0.413609784589 -0.749020567891 -0.200000001816 -0.661643854758 -1.21690675744 -0.767005252878 -1.89351934315 -2.00785688098 -2.19579040992 -1.61740234990 -1.09385317809 -1.19518067091 -0.931886604843 -0.335626795559 -0.200000001049 -0.250822047814 -1.59416286997 -0.750954715544 -1.43307693851 -1.02365405954 -1.32702221566 -2.02538540191 -1.79317500102 -1.89177595299 -2.19025003644 -2.30280448742 -1.68398728421 -2.74015023643 -2.16965049787 -1.75678228230 -1.23309932453 -1.70906528612 -1.40945426786 -1.41976944270
# log_Fh:
 -0.200000002696 -0.200000003845 -0.916671766856 -0.200000012535 -0.353276441406 -0.597981542674 -0.200000022646 -1.43095163621 -1.51184859584 -1.59577370235 -0.925419122066 -0.713619464792 -1.80331632973 -1.19784657000 -0.200000003865 -0.688693562580 -0.200001307843 -1.62741337556 -0.453556445774 -1.27077530121 -0.657816454674 -1.31898585097 -1.81282234528 -1.95410558969 -2.04419913212 -2.19347580441 -1.67736863207 -2.63116691100 -2.44475541095 -2.45819151695 -1.90829602903 -1.60142616132 -1.98301127056 -2.17324838929 -2.26980804139
# log_qflo:
 -8.59897350405
# log_qcru:
 0.542394520897 0.294812891180
# log_Lom:
2.98405553756
# log_cv_edadm:
-2.67217724608
# log_Loh:
2.29952585356
# log_cv_edadh:
-2.71604617237
# log_Mh:
-1.20397280433
# log_Mm:
-1.20397280433
# log_Fref:
 -0.655166673349 -1.10157474399 -1.30396117957 -1.46175736799
