# Number of parameters = 167 Objective function value = 30929.5813550883  Maximum gradient component = 4.92726818830391e-05
# log_L50flom:
 3.78881427029761
# log_sdL50flomL:
 1.85642988819129
# log_sdL50flomR:
 3.55705784897672
# log_L50floh:
 3.59083535979717
# log_sdL50flohL:
 1.63726106890254
# log_sdL50flohR:
 3.54834193839497
# log_L50cruh:
 3.47054277670855
# log_sdL50cruhL:
 1.46849359312843
# log_sdL50cruhR:
 3.53176946642133
# log_L50crum:
 3.90012089542562
# log_sdL50crumL:
 2.30567334871775
# log_sdL50crumR:
 3.55531976944213
# log_Ro:
5.64355185857
# log_propmR:
-0.693140000000
# log_dev_Ro:
 0.238814113034 -0.510538141815 -1.02308945078 -0.751997920063 -0.237612157239 1.13391812246 1.05564689717 -0.493355214350 -0.100740199210 0.395131506877 1.16327535063 0.658975904761 0.262577949115 -0.189976300964 -0.252382030937 -0.676517895776 -0.996793429736 0.178591046719 0.306098523199 0.563215625526 1.45506653383 0.769648393814 0.896513590620 0.912246703362 0.412482278911 0.835631519503 0.474006569008 0.135499720811 0.869497100106 0.0709299737714 -0.0820634702850 -0.137770793778 -0.349220539911 -0.00849546373661 -0.451987812562 -0.507513985324 -1.12675035067 -1.72495929985 -1.81026937989 -1.12755572993 -0.228177856428
# log_dev_Nom:
 1.41721966950 0.836543200192 -0.0756456667075 -0.438285178666 -0.653013689095 -0.737500441879 -0.734418931099 -0.680216232332 -0.598131512427 -0.489673489541 -0.688063940278
# log_dev_Noh:
 0.736206205072 -0.280892054481 -0.884619750795 -1.03059063728 -1.00403676333 -0.914485952354 -0.799600428436 -0.677330162912 -0.558765463615 -0.449563349812 -0.650428865434
# log_Fm:
 -2.93589865972 -1.65208628470 -0.200000001608 -0.249709082143 -0.410523435460 -1.71543083270 -1.42718095809 -1.13596324770 -0.264421940809 -0.397741403254 -1.20888985454 -0.798921598839 -0.788544011619 -1.24558011295 -2.19211684831 -1.27203272801 -1.41760014148 -1.48412761250 -0.234316377579 -0.200000000947 -0.200000001200 -1.11192091588 -3.10909287652 -3.32592790442 -3.39575848433 -3.24066056564 -2.98013701411 -2.34551994470 -2.09616587799 -1.69183760299 -1.65013373665 -1.81869934622 -1.78902667571 -1.94594695428 -2.08478165799 -2.32658576379 -1.61883349350 -1.71524787949 -1.35653074228 -1.24860293884 -1.06122192189
# log_Fh:
 -3.19704992301 -1.84783026501 -0.200000006841 -0.200000047057 -0.200000003300 -1.28150991772 -0.998155580161 -1.04300217636 -0.740977168083 -1.14999238154 -1.90369165510 -1.38060212743 -1.36755476010 -1.91744423465 -2.88593432851 -1.88106411062 -1.92810620281 -1.90660477070 -0.865762984821 -0.888884804733 -2.08410539741 -2.29740146846 -3.94441828681 -4.25272480397 -4.50635684443 -3.74529096663 -3.62920107374 -2.77696434586 -2.72692314694 -2.60749949297 -2.63044257008 -1.97644813608 -2.39956243152 -2.77437325330 -2.89897488377 -2.83344578397 -2.38006054988 -2.70297190788 -2.25543011448 -2.26630565845 -1.93637503316
# log_qflo:
 -9.77873551216
# log_qcru:
 -0.508354292019 -0.202848787573
# log_Lom:
2.95854948243
# log_cv_edadm:
-2.66640460550
# log_Loh:
2.93332481343
# log_cv_edadh:
-2.68326972005
# log_Mh:
-1.20397280433
# log_Mm:
-1.20397280433
# log_Fref:
 -0.0196062099081 -0.568147342111 -0.808316771883 -0.946577165302
