# Number of parameters = 139 Objective function value = 9295.77567552923  Maximum gradient component = 8.38829245546539e-05
# log_A50flom:
 1.21904290215559
# log_sdA50flom:
 0.497242951808145
# log_A50floh:
 1.48684698010586
# log_sdA50floh:
 0.0863212003898137
# log_A50cruh:
 1.16616815668321 1.37707406589279
# log_sdA50cruh:
 -0.466430137944435 -0.163989673598157
# log_A50crum:
 1.56661105562927 1.06226267967947
# log_sdA50crum:
 1.02255541306637 0.688155539595173
# log_Ro:
4.98347763681
# log_propmR:
-0.693140000000
# log_dev_Ro:
 -0.296651688828 -0.0711373063993 0.514655589997 0.236347771276 -0.0722467267798 0.340868196385 0.389318043141 0.466676021025 -0.0515319759292 0.0433821942525 -0.0613358312105 0.0631029527870 0.0532040592294 0.00426384169109 -0.0322845695699 0.161149953235 0.287221069013 0.579444596788 0.339218528539 0.495234720450 0.321983081696 0.317051875232 0.210433163003 -0.246466855893 0.354320127611 -0.615894284057 -0.909742703461 -1.23642904567 -1.04264758920 -0.506405068838 -0.0351021395239
# log_dev_Nom:
 0.0925876308209 -1.00231653324 -0.567625229115 -0.328667449242 -0.222426285269 0.349945386034 0.352381022523 0.122823620824 0.0199284470451 -0.0104949200658 -0.00677470392599
# log_dev_Noh:
 -0.328298135859 0.693074141588 0.412797679533 -0.394347074395 -0.0989438099213 -0.306444668330 -0.0545558236210 0.110593996441 0.0620077746643 0.0155245026113 0.00106366177441
# log_Fm:
 -0.790441219131 -0.485641100404 -0.849288253886 -0.200000002195 -0.741511992134 -1.33911517641 -0.910479987957 -2.03811008490 -2.15095587842 -2.34031781765 -1.75344761304 -1.21478498177 -1.30469656307 -1.04243691874 -0.436989078883 -0.200000001459 -0.442093527648 -1.75739087680 -0.929816893337 -1.61697209531 -1.23233607826 -1.54816291252 -2.25046157597 -2.02550688722 -2.14115688553 -2.44793106253 -2.55983954456 -1.91536802661 -2.91769427366 -2.25780117885 -1.78316247410
# log_Fh:
 -0.200000002722 -0.200000004701 -0.958666219676 -0.200000023163 -0.439498413762 -0.678128743695 -0.200000029220 -1.47946897755 -1.57099800238 -1.64613832240 -0.971547902618 -0.763316049600 -1.82999634439 -1.21726464090 -0.200000004536 -0.575689130764 -0.239659029253 -1.66050460668 -0.493613369526 -1.30612541169 -0.708449867445 -1.39570549056 -1.90242500568 -2.06659524218 -2.17636111611 -2.35791825394 -1.90673435387 -2.84017249629 -2.67766443995 -2.60217603596 -1.97155894730
# log_qflo:
 -8.71135371527
# log_qcru:
 0.470859858060 0.192458393370
# log_Lom:
3.01794858132
# log_cv_edadm:
-2.60974613795
# log_Loh:
2.31775070269
# log_cv_edadh:
-2.68783957592
# log_Mh:
-1.20397280433
# log_Mm:
-1.20397280433
# log_Fref:
 -0.679040861804 -1.12067917410 -1.32145233674 -1.47817772447
